-5.035217 -0.413503 -1.847097 12.000000
-5.038681 -0.384039 -1.848413 15.000000
-5.041940 -0.354349 -1.849724 17.000000
-5.039454 -0.324968 -1.848989 18.000000
-5.040503 -0.294589 -1.849620 25.000000
-5.047044 -0.264872 -1.852305 32.000000
-5.051540 -0.235156 -1.854306 31.000000
-5.044600 -0.205922 -1.852202 31.000000
-5.041256 -0.176566 -1.851467 28.000000
-5.043328 -0.146030 -1.852783 28.000000
-5.041516 -0.116575 -1.852732 25.000000
-5.035860 -0.088291 -1.851315 28.000000
-5.024270 -0.058711 -1.847843 29.000000
-5.020025 -0.028657 -1.847107 29.000000
-5.017622 -0.000203 -1.847058 29.000000
-5.011245 0.028741 -1.845639 29.000000
-5.008446 0.058002 -1.845589 28.000000
-5.005390 0.088120 -1.845538 28.000000
-4.998519 0.116925 -1.844120 28.000000
-4.998934 0.146573 -1.845437 28.000000
-4.995370 0.176622 -1.845386 28.000000
-4.988104 0.204446 -1.843969 28.000000
-4.984185 0.234447 -1.843918 28.000000
-4.978349 0.263294 -1.843185 29.000000
-4.966790 0.291257 -1.840400 30.000000
-4.964231 0.321404 -1.841033 29.000000
-4.956193 0.348945 -1.839617 29.000000
-4.953269 0.379077 -1.840250 28.000000
-4.946643 0.407666 -1.839517 29.000000
-4.943532 0.436891 -1.840152 28.000000
-4.938270 0.466608 -1.840102 29.000000
-4.923738 0.493708 -1.836634 28.000000
-4.927696 0.523395 -1.840005 28.000000
-4.920064 0.552666 -1.839271 28.000000
-4.912449 0.581016 -1.838538 29.000000
-4.902846 0.608908 -1.837123 29.000000
-4.896742 0.637550 -1.837074 29.000000
-4.886828 0.665309 -1.835659 30.000000
-4.882051 0.695129 -1.836293 29.000000
-4.879127 0.724508 -1.837611 26.000000
-4.866900 0.751664 -1.835513 21.000000
-4.858160 0.779643 -1.834781 18.000000
-4.847467 0.807070 -1.833366 22.000000
-4.836613 0.834426 -1.831951 14.000000
-4.829007 0.863523 -1.831902 12.000000
-4.821479 0.891715 -1.831855 12.000000
-4.806543 0.917839 -1.829074 12.000000
-4.800504 0.946430 -1.829710 16.000000
-4.787077 0.972887 -1.827612 18.000000
-4.769915 0.998150 -1.824148 25.000000
-4.761368 1.026842 -1.824100 31.000000
-4.749310 1.053537 -1.822687 32.000000
-4.737134 1.080117 -1.821274 32.000000
-4.726571 1.107216 -1.820543 34.000000
-4.713811 1.134464 -1.819129 32.000000
-4.706519 1.162602 -1.819766 32.000000
-4.700850 1.191310 -1.821087 27.000000
-4.691463 1.218759 -1.821041 15.000000
-4.674819 1.243647 -1.818262 13.000000
-4.666598 1.272413 -1.818898 11.000000
-4.653235 1.298350 -1.817486 11.000000
-4.643230 1.325537 -1.817441 7.000000
-4.633079 1.352667 -1.817395 7.000000
-4.617516 1.377683 -1.815300 8.000000
-4.608817 1.405347 -1.815938 10.000000
-4.594722 1.430868 -1.814527 18.000000
-4.570067 1.451992 -1.809016 25.000000
-4.557122 1.478775 -1.808287 30.000000
-4.542646 1.503926 -1.806877 30.000000
-4.532855 1.532017 -1.807514 30.000000
-4.526714 1.560748 -1.809520 31.000000
-4.511788 1.585675 -1.808109 32.000000
-4.505297 1.614364 -1.810115 28.000000
-4.498626 1.643048 -1.812120 16.000000
-4.478168 1.665360 -1.808660 9.000000
-4.465725 1.692305 -1.808616 7.000000
-4.450465 1.716011 -1.807207 7.000000
-4.436048 1.741956 -1.806480 7.000000
-4.423529 1.767889 -1.806437 7.000000
-4.404149 1.790370 -1.803661 7.000000
-4.396386 1.818672 -1.805667 7.000000
-4.378428 1.841783 -1.803575 7.000000
-4.363301 1.867251 -1.802849 7.000000
-4.346761 1.890990 -1.801441 7.000000
-4.336725 1.918175 -1.802765 7.000000
-4.316605 1.939934 -1.799991 7.000000
-4.298036 1.962451 -1.797900 7.000000
-4.287578 1.989395 -1.799225 7.000000
-4.273236 2.015215 -1.799183 7.000000
-4.255919 2.038325 -1.797776 7.000000
-4.238481 2.061316 -1.796369 7.000000
-4.217700 2.082263 -1.793597 7.000000
-4.204888 2.107881 -1.794239 6.000000
-4.190298 2.132480 -1.794198 6.000000
-4.171943 2.155729 -1.792792 3.000000
-4.153903 2.178136 -1.791386 4.000000
-4.135745 2.200426 -1.789980 6.000000
-4.125391 2.227656 -1.791989 6.000000
-4.101797 2.247384 -1.788534 6.000000
-4.091133 2.274482 -1.790543 7.000000
-4.078749 2.300489 -1.791869 8.000000
-4.058407 2.321195 -1.789782 7.000000
-4.042626 2.344933 -1.789743 8.000000
-4.020509 2.364322 -1.786973 8.000000
-4.003996 2.388541 -1.786933 4.000000
-3.990916 2.414125 -1.788260 4.000000
-3.974607 2.437476 -1.788222 4.000000
-3.952069 2.456329 -1.785453 5.000000
-3.931998 2.477908 -1.784048 4.000000
-3.909791 2.495763 -1.781281 6.000000
-3.894019 2.520460 -1.781924 6.000000
-3.880102 2.545529 -1.783252 7.000000
-3.863072 2.568221 -1.783216 7.000000
-3.841440 2.587373 -1.781130 6.000000
-3.825105 2.611692 -1.781775 7.000000
-3.801814 2.629386 -1.779008 6.000000
-3.785756 2.652825 -1.779654 6.000000
-3.766637 2.673811 -1.778934 6.000000
-3.745980 2.693457 -1.777533 7.000000
-3.723213 2.712441 -1.775448 7.000000
-3.700937 2.730583 -1.773364 6.000000
-3.687680 2.755286 -1.775377 7.000000
-3.671735 2.779998 -1.776706 7.000000
-3.649132 2.797779 -1.774623 7.000000
-3.625865 2.816064 -1.772539 6.000000
-3.608701 2.838554 -1.773186 7.000000
-3.587211 2.857177 -1.771786 6.000000
-3.568413 2.878191 -1.771751 7.000000
-3.548117 2.897819 -1.771034 9.000000
-3.527142 2.917935 -1.770317 7.000000
-3.506633 2.937313 -1.769600 7.000000
-3.491455 2.961764 -1.771614 7.000000
-3.466675 2.976986 -1.768850 8.000000
-3.443923 2.995275 -1.767450 7.000000
-3.427601 3.017534 -1.768782 7.000000
-3.401997 3.032891 -1.766018 7.000000
-3.383540 3.054165 -1.766668 6.000000
-3.362309 3.072670 -1.765952 7.000000
-3.341006 3.091020 -1.765237 7.000000
-3.320266 3.111209 -1.765203 7.000000
-3.294907 3.125186 -1.762441 6.000000
-3.273324 3.143136 -1.761727 7.000000
-3.252902 3.162356 -1.761694 6.000000
-3.229881 3.178637 -1.760298 6.000000
-3.208636 3.198164 -1.760265 6.000000
-3.189773 3.220377 -1.761598 6.000000
-3.166492 3.233750 -1.759521 6.000000
-3.137586 3.244333 -1.755395 6.000000
-3.120272 3.267046 -1.757411 6.000000
-3.097297 3.284492 -1.756697 6.000000
-3.079725 3.306996 -1.758713 7.000000
-3.050033 3.314926 -1.753906 6.000000
-3.032211 3.337229 -1.755923 6.000000
-3.009545 3.353571 -1.755211 6.000000
-2.984957 3.368837 -1.753815 6.000000
-2.965605 3.389339 -1.755150 6.000000
-2.942185 3.403272 -1.753757 6.000000
-2.921450 3.422074 -1.754409 6.000000
-2.893137 3.432269 -1.750968 7.000000
-2.870461 3.449763 -1.750938 6.000000
-2.847204 3.465147 -1.750227 7.000000
-2.827228 3.484914 -1.751563 7.000000
-2.801598 3.496980 -1.749488 6.000000
-2.780308 3.514987 -1.750142 6.000000
-2.757136 3.531829 -1.750113 7.000000
-2.732392 3.544984 -1.748720 7.000000
-2.703348 3.551770 -1.744599 6.000000
-2.680663 3.567680 -1.744571 6.000000
-2.658922 3.585035 -1.745226 7.000000
-2.639175 3.605379 -1.747246 7.000000
-2.611367 3.615099 -1.744489 7.000000
-2.588319 3.630487 -1.744462 7.000000
-2.564177 3.644156 -1.743753 7.000000
-2.544971 3.665637 -1.746456 7.000000
-2.517966 3.676280 -1.744382 7.000000
-2.494581 3.691126 -1.744356 7.000000
-2.466240 3.697801 -1.740919 6.000000
-2.442977 3.714398 -1.741575 6.000000
-2.418422 3.727197 -1.740867 6.000000
-2.395703 3.743088 -1.741524 6.000000
-2.371945 3.757231 -1.741498 6.000000
-2.347197 3.769586 -1.740791 6.000000
-2.324192 3.785115 -1.741448 7.000000
-2.295850 3.792653 -1.738694 6.000000
-2.274502 3.811184 -1.740716 6.000000
-2.249498 3.822950 -1.740010 7.000000
-2.224411 3.834593 -1.739303 6.000000
-2.200154 3.847739 -1.739280 7.000000
-2.175811 3.860758 -1.739256 6.000000
-2.149815 3.872325 -1.738549 7.000000
-2.121125 3.876658 -1.735115 6.000000
-2.098295 3.892583 -1.736456 6.000000
-2.076183 3.910072 -1.738479 6.000000
-2.048257 3.915588 -1.735728 6.000000
-2.024396 3.931489 -1.737069 6.000000
-1.997214 3.938382 -1.734999 6.000000
-1.969248 3.943391 -1.732248 6.000000
-1.946708 3.960207 -1.734273 6.000000
-1.920234 3.968315 -1.732886 6.000000
-1.895206 3.981788 -1.733546 6.000000
-1.870138 3.993037 -1.733524 6.000000
-1.842816 3.998942 -1.731457 6.000000
-1.819074 4.013383 -1.732799 6.000000
-1.794542 4.025934 -1.733460 6.000000
-1.767763 4.035163 -1.732757 6.000000
-1.740235 4.042500 -1.731372 6.000000
-1.717642 4.057817 -1.733398 7.000000
-1.688695 4.061317 -1.730648 6.000000
-1.664507 4.074898 -1.731992 7.000000
-1.636316 4.077772 -1.729244 6.000000
-1.611983 4.091084 -1.730588 6.000000
-1.588831 4.107787 -1.733296 7.000000
-1.561830 4.113720 -1.731913 6.000000
-1.534648 4.121534 -1.731211 6.000000
-1.507000 4.125376 -1.729145 6.000000
-1.481134 4.134400 -1.729126 6.000000
-1.456387 4.146840 -1.730471 6.000000
-1.429272 4.151981 -1.729088 6.000000
-1.401929 4.159000 -1.728388 6.000000
-1.376435 4.169209 -1.729051 6.000000
-1.350325 4.177485 -1.729033 6.000000
-1.324181 4.185600 -1.729015 6.000000
-1.297720 4.195592 -1.729679 7.000000
-1.270464 4.199786 -1.728297 7.000000
-1.241731 4.198370 -1.724869 6.000000
-1.215170 4.207881 -1.725533 6.000000
-1.190598 4.218661 -1.726880 6.000000
-1.162064 4.220574 -1.724817 6.000000
-1.135686 4.227610 -1.724800 6.000000
-1.109277 4.234487 -1.724783 6.000000
-1.081586 4.239592 -1.724084 6.000000
-1.054271 4.242494 -1.722704 6.000000
-1.027802 4.248886 -1.722688 6.000000
-1.001673 4.256986 -1.723354 6.000000
-0.975484 4.264944 -1.724020 6.000000
-0.947328 4.267367 -1.722640 7.000000
-0.922169 4.280541 -1.725352 7.000000
-0.895115 4.284349 -1.724655 7.000000
-0.867036 4.282434 -1.721912 6.000000
-0.839189 4.286067 -1.721214 6.000000
-0.813449 4.296788 -1.723246 6.000000
-0.785914 4.292407 -1.719821 6.000000
-0.758651 4.299275 -1.720488 6.000000
-0.733037 4.311410 -1.723202 7.000000
-0.705954 4.319788 -1.724552 6.000000
-0.678236 4.318621 -1.722491 6.000000
-0.651350 4.322863 -1.722477 6.000000
-0.624440 4.326952 -1.722463 6.000000
-0.597051 4.327141 -1.721086 6.000000
-0.569308 4.331017 -1.721072 6.000000
-0.543228 4.342101 -1.723787 6.000000
-0.515199 4.336217 -1.720364 6.000000
-0.489229 4.341321 -1.721033 6.000000
-0.463886 4.344295 -1.721021 6.000000
-0.432895 4.340141 -1.718279 7.000000
-0.000429 -0.345428 -0.011052 56.000000
-0.376344 4.313786 -1.706659 34.000000
-0.350228 4.325658 -1.710057 44.000000
-0.324246 4.341139 -1.714820 54.000000
-0.297883 4.365900 -1.722993 11.000000
-0.270442 4.362320 -1.720935 11.000000
-0.243341 4.364222 -1.720923 12.000000
-0.215413 4.366001 -1.720912 14.000000
-0.188239 4.365688 -1.720218 12.000000
-0.161129 4.367113 -1.720207 11.000000
-0.134090 4.370239 -1.720879 13.000000
-0.106828 4.365726 -1.718822 12.000000
-0.078937 4.368576 -1.719493 14.000000
-0.051794 4.365597 -1.718118 11.000000
-0.024681 4.362476 -1.716744 13.000000
0.003197 4.362941 -1.716734 13.000000
0.029438 4.359520 -1.715359 13.000000
0.057346 4.363432 -1.716714 13.000000
0.084440 4.365312 -1.717386 12.000000
0.111413 4.361391 -1.716012 14.000000
0.139354 4.362958 -1.716685 12.000000
0.166402 4.362484 -1.716676 14.000000
0.192705 4.363770 -1.717349 12.000000
0.220226 4.355456 -1.714611 12.000000
0.247224 4.354519 -1.714602 14.000000
0.275039 4.353385 -1.714594 14.000000
0.302500 4.359633 -1.717314 13.000000
0.329139 4.352617 -1.715259 12.000000
0.357361 4.356620 -1.717297 14.000000
0.384046 4.351148 -1.715924 13.000000
0.410672 4.345521 -1.714552 12.000000
0.437421 4.341619 -1.713863 13.000000
0.464500 4.341299 -1.714537 13.000000
0.491206 4.337098 -1.713847 13.000000
0.518488 4.338340 -1.715204 13.000000
0.546164 4.335594 -1.715197 11.000000
0.572789 4.330918 -1.714508 11.000000
0.600435 4.327860 -1.714501 12.000000
0.626986 4.322874 -1.713812 11.000000
0.653505 4.317747 -1.713123 12.000000
0.680773 4.318023 -1.714481 11.000000
0.706384 4.307011 -1.711746 13.000000
0.733856 4.303143 -1.711740 12.000000
0.761434 4.304834 -1.713779 12.000000
0.787759 4.298918 -1.713091 12.000000
0.813734 4.291027 -1.711721 12.000000
0.840302 4.286676 -1.711715 12.000000
0.867190 4.284029 -1.712392 13.000000
0.894152 4.277365 -1.711704 12.000000
0.921441 4.272397 -1.711699 11.000000
0.947896 4.267432 -1.711694 12.000000
0.972324 4.256946 -1.709642 12.000000
0.999480 4.251511 -1.709637 13.000000
1.027042 4.251600 -1.711679 12.000000
1.053734 4.244005 -1.710992 12.000000
1.080453 4.240118 -1.711669 12.000000
1.108015 4.239696 -1.713712 11.000000
1.132912 4.228199 -1.711661 12.000000
1.160941 4.229295 -1.714385 12.000000
1.187426 4.220922 -1.713699 12.000000
1.213066 4.212605 -1.713013 12.000000
1.239628 4.207762 -1.713692 13.000000
1.266195 4.202787 -1.714370 12.000000
1.292202 4.195830 -1.714366 13.000000
1.318427 4.186689 -1.713681 13.000000
1.345963 4.184844 -1.715724 14.000000
1.371866 4.177434 -1.715721 13.000000
1.399396 4.175255 -1.717764 14.000000
1.425231 4.167529 -1.717761 13.000000
1.451813 4.159416 -1.717759 12.000000
1.478909 4.152904 -1.718439 14.000000
1.504451 4.146797 -1.719118 14.000000
1.528447 4.131094 -1.716386 14.000000
1.554004 4.122617 -1.716384 12.000000
1.579522 4.114007 -1.716382 12.000000
1.606272 4.108782 -1.717744 13.000000
1.630422 4.096365 -1.716377 13.000000
1.659192 4.094057 -1.719105 12.000000
1.682518 4.079575 -1.717056 13.000000
1.707781 4.070232 -1.717054 12.000000
1.735825 4.065679 -1.719100 13.000000
1.760227 4.056323 -1.719098 11.000000
1.784627 4.044784 -1.718415 13.000000
1.812599 4.039746 -1.720461 12.000000
1.836891 4.027929 -1.719777 11.000000
1.866299 4.025993 -1.723188 12.000000
1.888960 4.010411 -1.721140 10.000000
1.913039 3.998163 -1.720457 13.000000
1.939361 3.990927 -1.721821 12.000000
1.963254 3.976332 -1.720456 11.000000
1.987876 3.965358 -1.720456 12.000000
2.014862 3.959363 -1.722502 11.000000
2.038575 3.946404 -1.721819 12.000000
2.064593 3.936342 -1.722502 12.000000
2.088883 3.922738 -1.721820 12.000000
2.111618 3.909753 -1.721137 13.000000
2.137547 3.901281 -1.722502 14.000000
2.160865 3.887643 -1.721820 13.000000
2.184972 3.875551 -1.721820 13.000000
2.207971 3.859612 -1.720456 13.000000
2.237072 3.855121 -1.723869 13.000000
2.262060 3.846287 -1.725234 14.000000
2.287531 3.834840 -1.725917 14.000000
2.308561 3.817099 -1.723871 13.000000
2.335026 3.809056 -1.725919 12.000000
2.359368 3.795542 -1.725920 14.000000
2.381714 3.778621 -1.724557 13.000000
2.406368 3.768919 -1.725923 13.000000
2.430725 3.757023 -1.726606 14.000000
2.455016 3.744978 -1.727290 13.000000
2.478956 3.730748 -1.727292 14.000000
2.507098 3.724807 -1.730706 14.000000
2.527215 3.705952 -1.728660 14.000000
2.550219 3.691738 -1.728662 15.000000
2.575888 3.680112 -1.730029 12.000000
2.599768 3.667190 -1.730713 13.000000
2.627741 3.660390 -1.734128 14.000000
2.647340 3.640933 -1.732082 14.000000
2.673131 3.630692 -1.734132 14.000000
2.693175 3.610546 -1.732087 12.000000
2.717772 3.598471 -1.733454 13.000000
2.742313 3.586240 -1.734822 13.000000
2.768549 3.574885 -1.736873 14.000000
2.791891 3.560825 -1.737558 14.000000
2.812922 3.543578 -1.736878 13.000000
2.834973 3.527737 -1.736880 13.000000
2.860291 3.516254 -1.738931 14.000000
2.881695 3.498133 -1.738252 13.000000
2.904613 3.483378 -1.738938 13.000000
2.927453 3.468487 -1.739623 15.000000
2.949708 3.451469 -1.739627 14.000000
2.969376 3.433887 -1.738947 11.000000
2.992592 3.418076 -1.739634 10.000000
3.016279 3.404119 -1.741002 13.000000
3.035097 3.384201 -1.739640 14.000000
3.056194 3.367074 -1.739644 14.000000
3.078403 3.351263 -1.740330 14.000000
3.101167 3.334784 -1.741017 14.000000
3.125644 3.321521 -1.743069 14.000000
3.150088 3.308120 -1.745120 12.000000
3.167002 3.286122 -1.743076 13.000000
3.184996 3.265429 -1.741715 13.000000
3.206654 3.248834 -1.742402 13.000000
3.228838 3.231557 -1.743089 13.000000
3.249644 3.212754 -1.743093 14.000000
3.274877 3.199876 -1.745828 12.000000
3.291690 3.179225 -1.744467 12.000000
3.309562 3.157331 -1.743106 12.000000
3.335878 3.145372 -1.746524 12.000000
3.353508 3.123244 -1.745164 11.000000
3.370403 3.101619 -1.743803 9.000000
3.392515 3.085235 -1.745173 7.000000
3.413172 3.067358 -1.745860 8.000000
3.439154 3.054616 -1.749278 7.000000
3.452872 3.029965 -1.746552 8.000000
3.479271 3.016307 -1.749971 7.000000
3.494059 2.992758 -1.747928 7.000000
3.508711 2.969171 -1.745885 9.000000
3.533462 2.953781 -1.748621 9.000000
3.554804 2.936315 -1.749992 10.000000
3.574664 2.917467 -1.750680 10.000000
3.591591 2.895995 -1.750002 10.000000
3.607528 2.872576 -1.748642 9.000000
3.628430 2.854601 -1.750013 10.000000
3.652129 2.838958 -1.752750 10.000000
3.666219 2.814001 -1.750707 9.000000
3.687753 2.797511 -1.752761 10.000000
3.705916 2.776000 -1.752766 10.000000
3.726333 2.757390 -1.754138 10.000000
3.740807 2.733948 -1.752777 10.000000
3.763001 2.715623 -1.754832 10.000000
3.783105 2.696636 -1.756203 10.000000
3.797171 2.672909 -1.754843 11.000000
3.814062 2.651401 -1.754849 10.000000
3.833823 2.632066 -1.756221 10.000000
3.850992 2.609691 -1.756227 11.000000
3.869029 2.588997 -1.756916 11.000000
3.883916 2.565975 -1.756239 10.000000
3.900665 2.543284 -1.756245 10.000000
3.922917 2.525556 -1.758983 10.000000
3.938957 2.503342 -1.758989 10.000000
3.954849 2.481018 -1.758995 10.000000
3.973727 2.460753 -1.760367 10.000000
3.987822 2.437183 -1.759690 11.000000
4.005358 2.414932 -1.760380 10.000000
4.019155 2.391182 -1.759703 11.000000
4.039120 2.371493 -1.761758 10.000000
4.054261 2.348621 -1.761764 11.000000
4.072415 2.327657 -1.763137 10.000000
4.084542 2.301856 -1.761778 11.000000
4.106092 2.281957 -1.764516 11.000000
4.118651 2.258433 -1.763839 10.000000
4.133105 2.235080 -1.763846 11.000000
4.149033 2.212606 -1.764535 12.000000
4.171766 2.193146 -1.767957 14.000000
4.185833 2.169487 -1.767964 14.000000
4.199764 2.145748 -1.767970 14.000000
4.211937 2.121024 -1.767294 14.000000
4.228858 2.098960 -1.768667 15.000000
4.244444 2.075157 -1.769357 14.000000
4.257833 2.051095 -1.769363 14.000000
4.272729 2.027836 -1.770053 15.000000
4.287477 2.004465 -1.770743 14.000000
4.300837 1.979409 -1.770750 14.000000
4.317014 1.956748 -1.772123 14.000000
4.331378 1.933113 -1.772813 14.000000
4.347299 1.910233 -1.774186 14.000000
4.358385 1.883969 -1.773510 14.000000
4.375731 1.861718 -1.775566 14.000000
4.387851 1.836888 -1.775573 14.000000
4.400202 1.811237 -1.775581 14.000000
4.415097 1.788632 -1.776953 14.000000
4.427145 1.762808 -1.776961 14.000000
4.445551 1.740773 -1.779700 14.000000
4.451477 1.714053 -1.777657 13.000000
4.461346 1.687269 -1.776981 14.000000
4.479369 1.664926 -1.779721 13.000000
4.492414 1.639465 -1.780411 14.000000
4.506702 1.615407 -1.781785 14.000000
4.512178 1.587718 -1.779742 13.000000
4.526507 1.562725 -1.781116 13.000000
4.540364 1.538404 -1.782490 12.000000
4.554116 1.514015 -1.783863 14.000000
4.565956 1.488834 -1.784553 14.000000
4.579724 1.463450 -1.785928 14.000000
4.587746 1.436803 -1.785251 14.000000
4.598876 1.412226 -1.785941 13.000000
4.612180 1.386570 -1.787315 14.000000
4.619765 1.359794 -1.786638 13.000000
4.634553 1.334581 -1.788696 14.000000
4.645387 1.308888 -1.789386 13.000000
4.654273 1.282521 -1.789393 14.000000
4.666837 1.256435 -1.790768 13.000000
4.677228 1.230533 -1.791458 14.000000
4.687450 1.204541 -1.792148 13.000000
4.692125 1.176837 -1.790789 12.000000
4.709242 1.152876 -1.794213 14.000000
4.713626 1.125115 -1.792853 13.000000
4.729124 1.098755 -1.795595 14.000000
4.734737 1.072238 -1.794917 13.000000
4.744071 1.045875 -1.795607 12.000000
4.751405 1.018932 -1.795615 13.000000
4.769529 0.994815 -1.799722 14.000000
4.778387 0.968190 -1.800413 14.000000
4.781842 0.939331 -1.799053 13.000000
4.792222 0.913071 -1.800427 13.000000
4.796966 0.885440 -1.799750 13.000000
4.810709 0.859895 -1.802491 12.000000
4.815121 0.832163 -1.801815 14.000000
4.828748 0.805580 -1.804556 12.000000
4.831192 0.776554 -1.803197 13.000000
4.846000 0.751860 -1.806620 13.000000
4.851804 0.723510 -1.806628 13.000000
4.859104 0.696316 -1.807318 12.000000
4.869960 0.669776 -1.809375 14.000000
4.871409 0.641463 -1.808015 13.000000
4.880079 0.614440 -1.809389 13.000000
4.892470 0.587144 -1.812131 14.000000
4.895272 0.559061 -1.811454 13.000000
4.905339 0.532140 -1.813512 14.000000
4.913401 0.504856 -1.814885 14.000000
4.921311 0.477508 -1.816259 14.000000
4.927189 0.449822 -1.816950 15.000000
4.933024 0.421243 -1.817640 14.000000
4.932986 0.392760 -1.816280 15.000000
4.934659 0.364541 -1.815603 15.000000
4.945495 0.337395 -1.818344 16.000000
4.945045 0.308035 -1.816984 16.000000
4.953685 0.280543 -1.819041 15.000000
4.954694 0.252247 -1.818364 16.000000
4.961133 0.224455 -1.819738 15.000000
4.973035 0.197096 -1.823163 15.000000
4.969809 0.168422 -1.821118 16.000000
4.975840 0.139623 -1.822492 16.000000
4.977935 0.110495 -1.822500 16.000000
4.981632 0.083230 -1.823189 16.000000
4.983365 0.054967 -1.823195 16.000000
4.986824 0.025889 -1.823886 15.000000
4.990095 -0.002324 -1.824576 15.000000
4.991318 -0.030646 -1.824582 16.000000
4.992400 -0.059851 -1.824589 16.000000
5.002651 -0.087053 -1.828013 16.000000
5.001512 -0.116367 -1.827336 15.000000
4.998298 -0.144826 -1.825975 16.000000
5.000567 -0.173172 -1.826665 16.000000
5.004553 -0.202408 -1.828040 15.000000
5.006476 -0.231695 -1.828730 17.000000
5.006362 -0.259226 -1.828736 16.000000
5.009827 -0.287699 -1.830110 16.000000
5.007493 -0.316107 -1.829433 16.000000
5.006865 -0.345394 -1.829440 16.000000
5.013593 -0.374035 -1.832181 17.000000
5.010759 -0.402425 -1.831503 16.000000
5.015274 -0.431097 -1.833561 18.000000
5.019571 -0.460708 -1.835619 17.000000
5.018116 -0.489191 -1.835625 15.000000
5.018363 -0.517784 -1.836315 15.000000
5.022188 -0.546637 -1.838372 16.000000
5.016474 -0.574877 -1.837011 16.000000
5.021783 -0.604778 -1.839752 14.000000
5.028855 -0.634038 -1.843177 15.000000
5.028233 -0.662764 -1.843867 15.000000
5.023735 -0.691109 -1.843189 17.000000
5.015309 -0.719067 -1.841143 16.000000
5.017864 -0.748984 -1.843200 16.000000
5.016586 -0.777667 -1.843890 16.000000
5.017000 -0.806579 -1.845263 15.000000
5.020987 -0.835959 -1.848004 17.000000
5.017322 -0.864463 -1.848010 15.000000
5.018970 -0.894562 -1.850067 17.000000
5.007418 -0.922855 -1.847338 16.000000
5.012677 -0.951756 -1.850762 18.000000
5.006493 -0.979909 -1.850083 16.000000
5.003865 -1.008599 -1.850772 16.000000
5.000914 -1.038167 -1.851461 16.000000
4.997933 -1.066855 -1.852150 16.000000
4.998466 -1.096209 -1.854207 15.000000
5.000708 -1.125893 -1.856948 17.000000
4.997200 -1.154621 -1.857637 17.000000
4.989679 -1.183474 -1.856958 17.000000
4.980303 -1.211046 -1.855595 16.000000
4.979990 -1.240429 -1.857651 17.000000
4.975624 -1.269940 -1.858340 16.000000
4.975123 -1.298501 -1.860396 16.000000
4.968586 -1.327575 -1.860401 16.000000
4.971213 -1.357875 -1.863826 17.000000
4.959026 -1.384770 -1.861778 16.000000
4.955823 -1.413781 -1.863150 17.000000
4.954255 -1.443262 -1.865207 17.000000
4.943198 -1.471285 -1.863843 16.000000
4.944930 -1.501694 -1.867267 17.000000
4.937382 -1.529741 -1.867271 17.000000
4.933316 -1.558721 -1.868643 17.000000
4.921574 -1.586546 -1.867280 16.000000
4.922818 -1.616181 -1.870703 17.000000
4.912557 -1.644412 -1.870023 16.000000
4.898778 -1.670652 -1.867974 16.000000
4.906431 -1.703361 -1.874135 17.000000
4.892066 -1.730351 -1.872087 16.000000
4.883191 -1.758085 -1.872090 16.000000
4.881300 -1.788090 -1.874830 16.000000
4.873864 -1.816360 -1.875517 15.000000
4.869832 -1.845786 -1.877573 17.000000
4.856431 -1.873018 -1.876208 16.000000
4.859156 -1.904877 -1.881000 17.000000
4.840395 -1.929276 -1.877583 16.000000
4.839513 -1.959057 -1.881006 15.000000
4.835715 -1.990784 -1.883746 17.000000
4.825319 -2.018188 -1.883749 17.000000
4.809504 -2.043510 -1.881699 16.000000
4.807559 -2.074173 -1.885122 16.000000
4.801902 -2.103509 -1.887178 16.000000
4.799242 -2.135052 -1.890602 17.000000
4.784519 -2.160827 -1.889236 17.000000
4.778328 -2.190110 -1.891291 17.000000
4.771955 -2.219387 -1.893346 17.000000
4.758509 -2.245668 -1.892664 16.000000
4.742817 -2.271948 -1.891298 16.000000
4.735558 -2.301938 -1.893353 16.000000
4.727153 -2.329464 -1.894723 16.000000
4.721615 -2.359370 -1.897462 17.000000
4.712467 -2.387706 -1.898832 17.000000
4.694660 -2.411983 -1.896781 16.000000
4.691973 -2.443444 -1.900888 17.000000
4.676848 -2.470007 -1.900206 16.000000
4.661968 -2.495658 -1.899523 18.000000
4.660377 -2.527958 -1.904315 17.000000
4.641812 -2.551797 -1.902264 17.000000
4.631079 -2.580592 -1.903634 15.000000
4.615556 -2.605958 -1.902951 16.000000
4.604894 -2.633842 -1.904321 16.000000
4.590747 -2.659896 -1.904321 16.000000
4.581397 -2.688575 -1.906375 15.000000
4.565269 -2.713608 -1.905691 16.000000
4.555142 -2.742979 -1.907745 17.000000
4.540358 -2.768752 -1.907746 15.000000
4.525411 -2.794452 -1.907746 16.000000
4.516353 -2.824637 -1.910485 17.000000
4.497857 -2.848273 -1.909116 15.000000
4.484057 -2.874693 -1.909801 17.000000
4.474928 -2.903957 -1.912538 15.000000
4.454402 -2.926313 -1.910485 16.000000
4.437421 -2.949749 -1.909800 15.000000
4.425234 -2.979372 -1.911853 16.000000
4.410648 -3.005410 -1.912537 15.000000
4.402211 -3.035462 -1.915959 14.000000
4.382555 -3.058310 -1.914590 15.000000
4.365943 -3.083070 -1.914589 16.000000
4.348644 -3.108526 -1.914589 15.000000
4.336379 -3.136284 -1.916641 15.000000
4.320840 -3.161863 -1.917325 18.000000
4.302083 -3.185190 -1.916639 14.000000
4.287765 -3.211688 -1.918007 16.000000
4.271237 -3.237752 -1.918691 16.000000
4.251499 -3.261528 -1.918006 16.000000
4.234228 -3.284796 -1.918003 16.000000
4.226834 -3.316560 -1.922793 17.000000
4.205140 -3.338914 -1.921422 17.000000
4.188367 -3.363803 -1.922105 16.000000
4.175910 -3.392043 -1.924841 17.000000
4.149928 -3.409840 -1.921417 16.000000
4.135669 -3.436765 -1.923468 17.000000
4.119200 -3.463170 -1.924835 17.000000
4.097277 -3.484068 -1.923464 16.000000
4.082522 -3.510766 -1.925515 16.000000
4.066149 -3.536200 -1.926882 17.000000
4.042393 -3.555540 -1.924826 16.000000
4.026567 -3.582686 -1.926877 16.000000
4.011149 -3.609079 -1.928927 17.000000
3.991299 -3.631711 -1.928924 17.000000
3.974155 -3.656694 -1.930290 17.000000
3.951224 -3.676609 -1.928918 16.000000
3.929582 -3.697638 -1.928230 16.000000
3.918955 -3.728640 -1.933019 17.000000
3.901940 -3.755226 -1.935069 17.000000
3.879855 -3.775951 -1.934381 18.000000
3.860393 -3.799117 -1.935062 17.000000
3.836725 -3.818273 -1.933689 16.000000
3.821768 -3.847090 -1.937109 17.000000
3.801879 -3.869925 -1.937789 17.000000
3.777827 -3.888708 -1.936416 16.000000
3.762997 -3.916625 -1.939835 15.000000
3.740026 -3.936488 -1.939146 16.000000
3.716950 -3.956207 -1.938457 16.000000
3.695733 -3.979113 -1.939137 16.000000
3.673712 -3.999929 -1.939133 16.000000
3.655452 -4.024706 -1.941182 16.000000
3.634466 -4.046645 -1.941862 16.000000
3.614598 -4.069870 -1.943226 16.000000
3.593925 -4.093591 -1.944590 15.000000
3.571808 -4.115834 -1.945270 16.000000
3.545925 -4.131101 -1.943211 16.000000
3.526765 -4.155258 -1.945259 16.000000
3.503013 -4.175710 -1.945254 16.000000
3.483026 -4.197627 -1.946618 16.000000
3.462672 -4.222113 -1.948669 18.000000
3.438028 -4.240135 -1.947981 17.000000
3.415698 -4.260892 -1.948662 16.000000
3.392043 -4.280076 -1.948659 16.000000
3.369457 -4.300584 -1.949340 16.000000
3.353063 -4.330360 -1.954129 17.000000
3.326674 -4.346228 -1.952755 17.000000
3.302082 -4.362854 -1.952067 16.000000
3.280546 -4.386401 -1.954116 17.000000
3.256536 -4.406887 -1.954797 16.000000
3.227481 -4.419166 -1.952055 16.000000
3.207410 -4.443274 -1.954788 16.000000
3.179321 -4.456735 -1.952730 16.000000
3.157845 -4.479106 -1.954779 16.000000
3.134339 -4.500409 -1.956144 16.000000
3.108182 -4.516447 -1.955455 15.000000
3.084877 -4.534851 -1.956134 16.000000
3.059922 -4.554203 -1.956814 16.000000
3.037722 -4.575997 -1.958863 16.000000
3.015389 -4.597661 -1.960911 17.000000
2.983737 -4.607255 -1.957483 16.000000
2.964281 -4.633341 -1.961584 17.000000
2.941505 -4.654660 -1.963633 17.000000
2.914531 -4.669519 -1.962942 17.000000
2.888477 -4.685814 -1.962936 17.000000
2.861323 -4.700371 -1.962246 16.000000
2.837054 -4.719568 -1.963609 18.000000
2.810898 -4.737497 -1.964288 17.000000
2.782486 -4.749991 -1.962912 16.000000
2.760928 -4.775691 -1.967014 17.000000
2.734260 -4.791090 -1.967007 17.000000
2.706547 -4.804720 -1.966316 17.000000
2.675955 -4.813288 -1.963570 16.000000
2.651826 -4.833119 -1.965617 16.000000
2.628475 -4.854461 -1.968349 18.000000
2.599512 -4.865822 -1.966972 16.000000
2.572318 -4.880284 -1.966965 15.000000
2.545954 -4.898379 -1.968327 14.000000
2.515920 -4.907563 -1.966266 14.000000
2.487638 -4.921987 -1.966258 15.000000
2.460100 -4.935815 -1.966250 14.000000
2.434174 -4.952846 -1.967612 14.000000
2.406452 -4.966369 -1.967604 14.000000
2.378632 -4.979752 -1.967596 14.000000
2.349946 -4.991242 -1.966902 15.000000
2.325196 -5.013167 -1.970317 14.000000
2.296362 -5.022269 -1.968940 14.000000
2.268961 -5.038802 -1.970300 14.000000
2.239944 -5.049671 -1.969607 14.000000
2.210878 -5.060365 -1.968914 15.000000
2.183938 -5.078142 -1.970959 15.000000
2.153973 -5.086781 -1.969581 14.000000
2.128422 -5.105598 -1.972310 14.000000
2.098353 -5.113882 -1.970932 14.000000
2.070399 -5.127207 -1.971607 14.000000
2.040215 -5.135165 -1.970228 13.000000
2.011940 -5.150250 -1.971588 14.000000
1.985321 -5.164478 -1.972947 14.000000
1.955470 -5.175756 -1.972937 14.000000
1.925088 -5.183011 -1.971558 13.000000
1.897983 -5.198882 -1.973602 13.000000
1.868801 -5.209321 -1.973592 13.000000
1.839319 -5.221670 -1.974267 14.000000
1.810645 -5.233527 -1.974941 14.000000
1.780024 -5.239910 -1.973561 11.000000
1.749977 -5.247903 -1.972866 13.000000
1.721125 -5.259246 -1.973539 13.000000
1.692173 -5.270449 -1.974213 14.000000
1.661087 -5.278198 -1.973518 13.000000
1.632003 -5.289060 -1.974191 12.000000
1.603414 -5.301540 -1.975549 13.000000
1.573623 -5.310279 -1.975538 12.000000
1.543944 -5.322721 -1.976897 11.000000
1.512987 -5.327499 -1.975515 11.000000
1.484077 -5.339326 -1.976873 10.000000
1.454571 -5.349182 -1.977546 11.000000
1.423512 -5.353434 -1.976165 10.000000
1.393467 -5.365008 -1.977523 10.000000
1.362825 -5.370718 -1.976826 9.000000
1.334473 -5.381470 -1.978183 8.000000
1.303748 -5.390693 -1.978855 8.000000
1.272973 -5.395890 -1.978158 7.000000
1.242622 -5.402721 -1.978146 7.000000
1.214340 -5.418526 -1.981557 7.000000
1.181702 -5.419723 -1.979490 7.000000
1.150821 -5.424178 -1.978792 7.000000
1.121448 -5.435838 -1.980834 7.000000
1.089729 -5.436268 -1.978766 7.000000
1.060769 -5.455134 -1.983547 7.000000
1.029360 -5.457045 -1.982164 6.000000
0.999674 -5.468017 -1.984205 7.000000
0.968825 -5.467548 -1.982137 6.000000
0.936791 -5.470924 -1.981438 6.000000
0.905349 -5.472122 -1.980055 6.000000
0.874201 -5.480704 -1.981412 6.000000
0.843352 -5.485220 -1.981398 6.000000
0.812173 -5.487725 -1.980699 6.000000
0.781147 -5.497606 -1.982739 5.000000
0.749908 -5.499754 -1.982041 6.000000
0.718191 -5.497971 -1.979972 5.000000
0.687934 -5.507196 -1.982012 5.000000
0.657138 -5.512516 -1.982682 4.000000
0.103894 -1.019168 -0.333227 4.000000
-0.000368 -0.120919 -0.003873 67.000000
0.090471 -0.991444 -0.322929 15.000000
0.083419 -0.970974 -0.315384 18.000000
0.076970 -0.954173 -0.309208 19.000000
0.070704 -0.937337 -0.303032 21.000000
0.064154 -0.914856 -0.294802 30.000000
0.058041 -0.896053 -0.287941 48.000000
0.053682 -0.897845 -0.288613 66.000000
0.048944 -0.893985 -0.287230 66.000000
0.044594 -0.895701 -0.287901 66.000000
0.039998 -0.893669 -0.287203 66.000000
0.035312 -0.891591 -0.286504 68.000000
0.030780 -0.893257 -0.287176 66.000000
0.026380 -0.891119 -0.286477 70.000000
0.021905 -0.890852 -0.286463 70.000000
0.017490 -0.892419 -0.287134 66.000000
0.012800 -0.888350 -0.285751 68.000000
0.008395 -0.891744 -0.287107 64.000000
0.003911 -0.889481 -0.286408 70.000000
-0.000566 -0.889084 -0.286395 70.000000
-0.005017 -0.886768 -0.285696 70.000000
-0.009653 -0.890066 -0.287052 66.000000
-0.014073 -0.885833 -0.285669 70.000000
-0.018363 -0.883461 -0.284971 68.000000
-0.023072 -0.892311 -0.288380 68.000000
-0.027449 -0.884230 -0.285627 70.000000
-0.032049 -0.887392 -0.286983 66.000000
-0.036664 -0.886776 -0.286969 66.000000
-0.041048 -0.884269 -0.286271 70.000000
-0.045613 -0.885477 -0.286941 66.000000
-0.050439 -0.890407 -0.288981 52.000000
-0.056120 -0.906561 -0.295129 33.000000
-0.062279 -0.924537 -0.301962 26.000000
-0.068062 -0.936871 -0.306741 24.000000
-0.074147 -0.951027 -0.312205 21.000000
-0.080914 -0.970739 -0.319722 19.000000
-0.087932 -0.990420 -0.327239 15.000000
-0.094753 -1.004413 -0.332702 5.000000
-0.107592 -1.072546 -0.358020 1.000000
-0.632047 -5.517478 -1.988859 1.000000
-0.662528 -5.507741 -1.986787 3.000000
-0.693622 -5.495846 -1.984030 3.000000
-0.724158 -5.487617 -1.982643 5.000000
-0.755687 -5.486674 -1.983994 7.000000
-0.787232 -5.485544 -1.985345 4.000000
-0.817084 -5.473069 -1.982588 6.000000
-0.000311 -0.101736 -0.003261 79.000000
-0.000306 -0.101316 -0.003247 68.000000
-0.910692 -5.456748 -1.982532 54.000000
-0.942498 -5.456542 -1.984567 7.000000
-0.974675 -5.458007 -1.987287 6.000000
-1.005179 -5.450052 -1.986583 4.000000
-1.036545 -5.441728 -1.985880 5.000000
-1.069142 -5.444473 -1.989284 6.000000
-1.099542 -5.435981 -1.988581 5.000000
-1.129086 -5.423621 -1.986507 3.000000
-1.160557 -5.420306 -1.987858 5.000000
-1.191185 -5.413111 -1.987838 3.000000
-1.223042 -5.411238 -1.989873 7.000000
-1.253270 -5.397999 -1.987800 5.000000
-1.284710 -5.390057 -1.987781 6.000000
-1.313794 -5.380545 -1.987076 6.000000
-1.344689 -5.374312 -1.987741 6.000000
-1.374123 -5.362428 -1.986352 6.000000
-1.406317 -5.357388 -1.987702 6.000000
-1.436622 -5.348804 -1.987682 6.000000
-1.465346 -5.334601 -1.985609 6.000000
-1.495500 -5.325653 -1.985589 6.000000
-1.528251 -5.325565 -1.988992 6.000000
-1.558192 -5.312380 -1.987603 6.000000
-1.589324 -5.306499 -1.988952 7.000000
-1.621012 -5.302234 -1.990986 6.000000
-1.652807 -5.291817 -1.990965 6.000000
-1.678612 -5.275231 -1.988207 7.000000
-1.710526 -5.268332 -1.989556 7.000000
-1.742133 -5.263338 -1.991589 6.000000
-1.771292 -5.251029 -1.990884 6.000000
-1.800364 -5.238546 -1.990179 6.000000
-1.831888 -5.232994 -1.992213 7.000000
-1.861103 -5.218088 -1.990823 6.000000
-1.889955 -5.205096 -1.990118 6.000000
-1.917428 -5.188449 -1.988044 7.000000
-1.946782 -5.176914 -1.988024 6.000000
-1.978785 -5.172203 -1.990741 7.000000
-2.007347 -5.158556 -1.990036 7.000000
-2.038121 -5.147884 -1.990699 6.000000
-2.067962 -5.137395 -1.991363 7.000000
-2.095566 -5.121501 -1.989973 6.000000
-2.126015 -5.112409 -1.991321 7.000000
-2.156413 -5.103111 -1.992669 6.000000
-2.186168 -5.089823 -1.992649 6.000000
-2.212688 -5.071590 -1.990574 6.000000
-2.242152 -5.060062 -1.991238 6.000000
-2.271569 -5.048368 -1.991901 6.000000
-2.301774 -5.036077 -1.992565 6.000000
-2.327873 -5.017233 -1.990490 6.000000
-2.356213 -5.005437 -1.991153 6.000000
-2.385400 -4.990955 -1.991132 6.000000
-2.411971 -4.973341 -1.989741 6.000000
-2.440128 -4.956852 -1.989036 6.000000
-2.470734 -4.947339 -1.991068 6.000000
-2.498728 -4.932612 -1.991047 6.000000
-2.525770 -4.916060 -1.990341 6.000000
-2.555359 -4.904354 -1.991689 7.000000
-2.585715 -4.891987 -1.993036 6.000000
-2.609806 -4.870000 -1.990277 7.000000
-2.638273 -4.856121 -1.990940 6.000000
-2.667605 -4.843729 -1.992288 6.000000
-2.695014 -4.827869 -1.992266 7.000000
-2.717648 -4.803693 -1.988821 6.000000
-2.746739 -4.790812 -1.990169 6.000000
-2.774673 -4.774016 -1.990147 6.000000
-2.799757 -4.754313 -1.988757 6.000000
-2.825702 -4.736102 -1.988051 6.000000
-2.853483 -4.720932 -1.988714 6.000000
-2.881201 -4.705610 -1.989376 7.000000
-2.910640 -4.691196 -1.990723 6.000000
-2.937199 -4.673949 -1.990702 7.000000
-2.962629 -4.654962 -1.989995 7.000000
-2.987942 -4.635833 -1.989289 8.000000
-3.015220 -4.619703 -1.989951 7.000000
-3.039015 -4.596627 -1.987876 7.000000
-3.063971 -4.577078 -1.987169 7.000000
-3.090959 -4.560507 -1.987832 7.000000
-3.113544 -4.537587 -1.985757 7.000000
-3.138136 -4.517626 -1.985050 9.000000
-3.165583 -4.500054 -1.985713 7.000000
-3.192159 -4.482863 -1.986375 8.000000
-3.211218 -4.456970 -1.982931 8.000000
-3.237207 -4.437425 -1.982909 7.000000
-3.256689 -4.410779 -1.979464 9.000000
-3.285061 -4.396029 -1.981496 7.000000
-3.309942 -4.376625 -1.981473 7.000000
-3.334312 -4.355005 -1.980766 7.000000
-3.355468 -4.330878 -1.978691 8.000000
-3.377642 -4.308131 -1.977300 7.000000
-3.402023 -4.288191 -1.977278 7.000000
-3.424659 -4.264611 -1.975887 7.000000
-3.452378 -4.248749 -1.977918 7.000000
-3.470409 -4.221174 -1.974474 6.000000
-3.495510 -4.202138 -1.975136 6.000000
-3.518796 -4.179487 -1.974429 7.000000
-3.541229 -4.157326 -1.973723 6.000000
-3.567750 -4.141309 -1.975754 7.000000
-3.589942 -4.118872 -1.975047 6.000000
-3.608950 -4.091482 -1.972287 6.000000
-3.635336 -4.072374 -1.973633 6.000000
-3.663455 -4.056493 -1.976349 7.000000
-3.679334 -4.028670 -1.972905 6.000000
-3.704115 -4.007730 -1.973567 7.000000
-3.725496 -3.984549 -1.972860 7.000000
-3.745453 -3.959913 -1.971469 7.000000
-3.773099 -3.943257 -1.974185 7.000000
-3.792765 -3.918351 -1.972793 7.000000
-3.815624 -3.895379 -1.972771 7.000000
-3.838990 -3.874241 -1.973433 7.000000
-3.859578 -3.850341 -1.972726 7.000000
-3.884075 -3.830261 -1.974073 10.000000
-3.896266 -3.798303 -1.969260 9.000000
-3.921121 -3.777278 -1.970606 11.000000
-0.000174 -0.054198 -0.001739 100.000000
-3.954103 -3.722102 -1.965772 28.000000
-3.977933 -3.701394 -1.967118 27.000000
-3.996091 -3.675485 -1.965727 28.000000
-4.016892 -3.652003 -1.965705 28.000000
-4.037557 -3.628397 -1.965683 22.000000
-4.055873 -3.601483 -1.964292 14.000000
-4.081939 -3.582574 -1.967007 11.000000
-4.097918 -3.554924 -1.964932 8.000000
-4.119470 -3.532060 -1.965594 7.000000
-4.141500 -3.508347 -1.966256 7.000000
-4.159899 -3.482829 -1.965550 8.000000
-4.173782 -3.453655 -1.962790 9.000000
-4.194793 -3.430337 -1.963453 11.000000
-4.209789 -3.402197 -1.961378 21.000000
-4.231981 -3.379802 -1.962725 29.000000
-4.241288 -3.346138 -1.957912 28.000000
-4.258729 -3.320103 -1.957206 31.000000
-4.276010 -3.293970 -1.956500 29.000000
-4.290129 -3.265490 -1.954425 30.000000
-4.305583 -3.238082 -1.953035 30.000000
-4.322932 -3.210945 -1.952328 20.000000
-4.338056 -3.183390 -1.950938 12.000000
-4.359101 -3.160111 -1.952284 6.000000
-4.384662 -3.139977 -1.955684 6.000000
-4.397781 -3.111022 -1.953609 7.000000
-0.000148 -0.043369 -0.001392 94.000000
-4.422478 -3.051175 -1.948776 21.000000
-4.435058 -3.022106 -1.946702 27.000000
-4.452126 -2.996082 -1.946680 27.000000
-4.462787 -2.965870 -1.943922 28.000000
-4.474824 -2.936648 -1.941847 28.000000
-4.486660 -2.907366 -1.939773 28.000000
-4.499927 -2.879063 -1.938382 29.000000
-4.511904 -2.848919 -1.936308 29.000000
-4.523202 -2.819522 -1.934234 30.000000
-4.539143 -2.793018 -1.934213 29.000000
-4.553308 -2.765445 -1.933507 28.000000
-4.560848 -2.733984 -1.930065 29.000000
-4.576774 -2.706472 -1.930043 30.000000
-4.588793 -2.677766 -1.928653 29.000000
-4.599037 -2.648116 -1.926580 30.000000
-4.617277 -2.623010 -1.927927 30.000000
-4.628804 -2.594143 -1.926538 30.000000
-4.636844 -2.563416 -1.923779 30.000000
-4.658380 -2.538993 -1.926495 28.000000
-4.666091 -2.508202 -1.923737 28.000000
-4.675268 -2.478271 -1.921664 28.000000
-4.689264 -2.450893 -1.921643 29.000000
-4.698494 -2.420058 -1.919569 29.000000
-4.712152 -2.392540 -1.919548 28.000000
-4.718910 -2.361613 -1.916790 28.000000
-4.727188 -2.331534 -1.914717 28.000000
-4.735253 -2.301408 -1.912644 28.000000
-4.741446 -2.270477 -1.909886 28.000000
-4.754658 -2.241902 -1.909866 28.000000
-4.770347 -2.216468 -1.911214 28.000000
-4.774666 -2.183839 -1.907772 28.000000
-4.783544 -2.154356 -1.906383 28.000000
-4.793975 -2.125605 -1.905678 29.000000
-4.807704 -2.098301 -1.906342 28.000000
-4.811245 -2.065663 -1.902901 29.000000
-4.824629 -2.038228 -1.903565 29.000000
-4.829176 -2.007153 -1.900808 29.000000
-4.840490 -1.978891 -1.900788 30.000000
-4.849891 -1.949865 -1.900083 30.000000
-4.859479 -1.919975 -1.899379 32.000000
-4.861511 -1.888167 -1.895938 40.000000
-4.871832 -1.860574 -1.895918 47.000000
-4.877351 -1.829263 -1.893845 49.000000
-4.892960 -1.802658 -1.895878 54.000000
-4.894571 -1.770025 -1.892437 56.000000
-4.897449 -1.738912 -1.889681 58.000000
-4.899831 -1.708667 -1.886925 63.000000
-4.904419 -1.677368 -1.884853 74.000000
-4.904930 -1.645720 -1.881413 78.000000
-4.910903 -1.615019 -1.880025 70.000000
-4.911032 -1.583445 -1.876585 82.000000
-4.914294 -1.553905 -1.874513 78.000000
-4.917907 -1.522659 -1.872441 78.000000
-4.919532 -1.490893 -1.869686 82.000000
-4.924048 -1.461908 -1.868297 82.000000
-4.928650 -1.432072 -1.866910 78.000000
-4.925848 -1.400213 -1.862786 82.000000
-4.939393 -1.372039 -1.864820 86.000000
-4.943480 -1.342194 -1.863433 86.000000
-4.934649 -1.309002 -1.857257 82.000000
-4.949286 -1.282010 -1.859974 86.000000
-4.952842 -1.252170 -1.858587 86.000000
-4.958039 -1.222763 -1.857884 86.000000
-4.952096 -1.190738 -1.853077 82.000000
-4.960802 -1.161338 -1.853742 86.000000
-4.965674 -1.131056 -1.853040 86.000000
-4.970001 -1.102496 -1.852337 86.000000
-4.972503 -1.072660 -1.850950 86.000000
-4.976845 -1.042339 -1.850248 86.000000
-4.975314 -1.011771 -1.847493 86.000000
-4.980964 -0.982676 -1.847475 86.000000
-4.984629 -0.953228 -1.846773 86.000000
-4.980711 -0.922399 -1.843334 70.000000
-0.000049 -0.012521 -0.000402 13.000000
-4.992855 -0.863587 -1.843982 3.000000
-4.992104 -0.833481 -1.841912 3.000000
-4.996770 -0.804322 -1.841894 3.000000
-4.997662 -0.773668 -1.840508 3.000000
-5.007427 -0.746149 -1.842542 4.000000
-0.000022 -0.009995 -0.000321 81.000000
-5.011964 -0.686222 -1.841139 10.000000
-5.010191 -0.656217 -1.839070 5.000000
-5.017553 -0.627387 -1.840420 5.000000
-0.000021 -0.008335 -0.000268 100.000000
-5.024347 -0.568729 -1.840385 14.000000
-5.027583 -0.538491 -1.840368 8.000000
-5.036178 -0.509685 -1.842403 7.000000
-5.031493 -0.479545 -1.839650 7.000000
-0.000015 -0.006255 -0.000201 100.000000
-5.034728 -0.420574 -1.838931 16.000000
-5.038920 -0.391308 -1.839598 12.000000
-5.039176 -0.361728 -1.838897 14.000000
-5.046840 -0.331783 -1.840933 7.000000
-5.044882 -0.302071 -1.839548 10.000000
-5.054030 -0.273009 -1.842268 7.000000
-5.057361 -0.243561 -1.842935 7.000000
-5.058659 -0.214017 -1.842919 7.000000
-5.063585 -0.183725 -1.844270 8.000000
-5.070177 -0.154312 -1.846306 13.000000
-5.069102 -0.124664 -1.845606 19.000000
-5.067826 -0.094999 -1.844905 25.000000
-5.060783 -0.065323 -1.842153 30.000000
-5.068575 -0.035793 -1.844873 32.000000
-5.068702 -0.006196 -1.844857 32.000000
-5.035217 -0.413503 -1.847097 12.000000
-5.038681 -0.384039 -1.848413 15.000000
-5.041940 -0.354349 -1.849724 17.000000
-5.039454 -0.324968 -1.848989 18.000000
-5.040503 -0.294589 -1.849620 25.000000
-5.047044 -0.264872 -1.852305 32.000000
-5.051540 -0.235156 -1.854306 31.000000
-5.044600 -0.205922 -1.852202 31.000000
-5.041256 -0.176566 -1.851467 28.000000
-5.043328 -0.146030 -1.852783 28.000000
-5.041516 -0.116575 -1.852732 25.000000
-5.035860 -0.088291 -1.851315 28.000000
-5.024270 -0.058711 -1.847843 29.000000
-5.020025 -0.028657 -1.847107 29.000000
-5.017622 -0.000203 -1.847058 29.000000
-5.011245 0.028741 -1.845639 29.000000
-5.008446 0.058002 -1.845589 28.000000
-5.005390 0.088120 -1.845538 28.000000
-4.998519 0.116925 -1.844120 28.000000
-4.998934 0.146573 -1.845437 28.000000
-4.995370 0.176622 -1.845386 28.000000
-4.988104 0.204446 -1.843969 28.000000
-4.984185 0.234447 -1.843918 28.000000
-4.978349 0.263294 -1.843185 29.000000
-4.966790 0.291257 -1.840400 30.000000
-4.964231 0.321404 -1.841033 29.000000
-4.956193 0.348945 -1.839617 29.000000
-4.953269 0.379077 -1.840250 28.000000
-4.946643 0.407666 -1.839517 29.000000
-4.943532 0.436891 -1.840152 28.000000
-4.938270 0.466608 -1.840102 29.000000
-4.923738 0.493708 -1.836634 28.000000
-4.927696 0.523395 -1.840005 28.000000
-4.920064 0.552666 -1.839271 28.000000
-4.912449 0.581016 -1.838538 29.000000
-4.902846 0.608908 -1.837123 29.000000
-4.896742 0.637550 -1.837074 29.000000
-4.886828 0.665309 -1.835659 30.000000
-4.882051 0.695129 -1.836293 29.000000
-4.879127 0.724508 -1.837611 26.000000
-4.866900 0.751664 -1.835513 21.000000
-4.858160 0.779643 -1.834781 18.000000
-4.847467 0.807070 -1.833366 22.000000
-4.836613 0.834426 -1.831951 14.000000
-4.829007 0.863523 -1.831902 12.000000
-4.821479 0.891715 -1.831855 12.000000
-4.806543 0.917839 -1.829074 12.000000
-4.800504 0.946430 -1.829710 16.000000
-4.787077 0.972887 -1.827612 18.000000
-4.769915 0.998150 -1.824148 25.000000
-4.761368 1.026842 -1.824100 31.000000
-4.749310 1.053537 -1.822687 32.000000
-4.737134 1.080117 -1.821274 32.000000
-4.726571 1.107216 -1.820543 34.000000
-4.713811 1.134464 -1.819129 32.000000
-4.706519 1.162602 -1.819766 32.000000
-4.700850 1.191310 -1.821087 27.000000
-4.691463 1.218759 -1.821041 15.000000
-4.674819 1.243647 -1.818262 13.000000
-4.666598 1.272413 -1.818898 11.000000
-4.653235 1.298350 -1.817486 11.000000
-4.643230 1.325537 -1.817441 7.000000
-4.633079 1.352667 -1.817395 7.000000
-4.617516 1.377683 -1.815300 8.000000
-4.608817 1.405347 -1.815938 10.000000
-4.594722 1.430868 -1.814527 18.000000
-4.570067 1.451992 -1.809016 25.000000
-4.557122 1.478775 -1.808287 30.000000
-4.542646 1.503926 -1.806877 30.000000
-4.532855 1.532017 -1.807514 30.000000
-4.526714 1.560748 -1.809520 31.000000
-4.511788 1.585675 -1.808109 32.000000
-4.505297 1.614364 -1.810115 28.000000
-4.498626 1.643048 -1.812120 16.000000
-4.478168 1.665360 -1.808660 9.000000
-4.465725 1.692305 -1.808616 7.000000
-4.450465 1.716011 -1.807207 7.000000
-4.436048 1.741956 -1.806480 7.000000
-4.423529 1.767889 -1.806437 7.000000
-4.404149 1.790370 -1.803661 7.000000
-4.396386 1.818672 -1.805667 7.000000
-4.378428 1.841783 -1.803575 7.000000
-4.363301 1.867251 -1.802849 7.000000
-4.346761 1.890990 -1.801441 7.000000
-4.336725 1.918175 -1.802765 7.000000
-4.316605 1.939934 -1.799991 7.000000
-4.298036 1.962451 -1.797900 7.000000
-4.287578 1.989395 -1.799225 7.000000
-4.273236 2.015215 -1.799183 7.000000
-4.255919 2.038325 -1.797776 7.000000
-4.238481 2.061316 -1.796369 7.000000
-4.217700 2.082263 -1.793597 7.000000
-4.204888 2.107881 -1.794239 6.000000
-4.190298 2.132480 -1.794198 6.000000
-4.171943 2.155729 -1.792792 3.000000
-4.153903 2.178136 -1.791386 4.000000
-4.135745 2.200426 -1.789980 6.000000
-4.125391 2.227656 -1.791989 6.000000
-4.101797 2.247384 -1.788534 6.000000
-4.091133 2.274482 -1.790543 7.000000
-4.078749 2.300489 -1.791869 8.000000
-4.058407 2.321195 -1.789782 7.000000
-4.042626 2.344933 -1.789743 8.000000
-4.020509 2.364322 -1.786973 8.000000
-4.003996 2.388541 -1.786933 4.000000
-3.990916 2.414125 -1.788260 4.000000
-3.974607 2.437476 -1.788222 4.000000
-3.952069 2.456329 -1.785453 5.000000
-3.931998 2.477908 -1.784048 4.000000
-3.909791 2.495763 -1.781281 6.000000
-3.894019 2.520460 -1.781924 6.000000
-3.880102 2.545529 -1.783252 7.000000
-3.863072 2.568221 -1.783216 7.000000
-3.841440 2.587373 -1.781130 6.000000
-3.825105 2.611692 -1.781775 7.000000
-3.801814 2.629386 -1.779008 6.000000
-3.785756 2.652825 -1.779654 6.000000
-3.766637 2.673811 -1.778934 6.000000
-3.745980 2.693457 -1.777533 7.000000
-3.723213 2.712441 -1.775448 7.000000
-3.700937 2.730583 -1.773364 6.000000
-3.687680 2.755286 -1.775377 7.000000
-3.671735 2.779998 -1.776706 7.000000
-3.649132 2.797779 -1.774623 7.000000
-3.625865 2.816064 -1.772539 6.000000
-3.608701 2.838554 -1.773186 7.000000
-3.587211 2.857177 -1.771786 6.000000
-3.568413 2.878191 -1.771751 7.000000
-3.548117 2.897819 -1.771034 9.000000
-3.527142 2.917935 -1.770317 7.000000
-3.506633 2.937313 -1.769600 7.000000
-3.491455 2.961764 -1.771614 7.000000
-3.466675 2.976986 -1.768850 8.000000
-3.443923 2.995275 -1.767450 7.000000
-3.427601 3.017534 -1.768782 7.000000
-3.401997 3.032891 -1.766018 7.000000
-3.383540 3.054165 -1.766668 6.000000
-3.362309 3.072670 -1.765952 7.000000
-3.341006 3.091020 -1.765237 7.000000
-3.320266 3.111209 -1.765203 7.000000
-3.294907 3.125186 -1.762441 6.000000
-3.273324 3.143136 -1.761727 7.000000
-3.252902 3.162356 -1.761694 6.000000
-3.229881 3.178637 -1.760298 6.000000
-3.208636 3.198164 -1.760265 6.000000
-3.189773 3.220377 -1.761598 6.000000
-3.166492 3.233750 -1.759521 6.000000
-3.137586 3.244333 -1.755395 6.000000
-3.120272 3.267046 -1.757411 6.000000
-3.097297 3.284492 -1.756697 6.000000
-3.079725 3.306996 -1.758713 7.000000
-3.050033 3.314926 -1.753906 6.000000
-3.032211 3.337229 -1.755923 6.000000
-3.009545 3.353571 -1.755211 6.000000
-2.984957 3.368837 -1.753815 6.000000
-2.965605 3.389339 -1.755150 6.000000
-2.942185 3.403272 -1.753757 6.000000
-2.921450 3.422074 -1.754409 6.000000
-2.893137 3.432269 -1.750968 7.000000
-2.870461 3.449763 -1.750938 6.000000
-2.847204 3.465147 -1.750227 7.000000
-2.827228 3.484914 -1.751563 7.000000
-2.801598 3.496980 -1.749488 6.000000
-2.780308 3.514987 -1.750142 6.000000
-2.757136 3.531829 -1.750113 7.000000
-2.732392 3.544984 -1.748720 7.000000
-2.703348 3.551770 -1.744599 6.000000
-2.680663 3.567680 -1.744571 6.000000
-2.658922 3.585035 -1.745226 7.000000
-2.639175 3.605379 -1.747246 7.000000
-2.611367 3.615099 -1.744489 7.000000
-2.588319 3.630487 -1.744462 7.000000
-2.564177 3.644156 -1.743753 7.000000
-2.544971 3.665637 -1.746456 7.000000
-2.517966 3.676280 -1.744382 7.000000
-2.494581 3.691126 -1.744356 7.000000
-2.466240 3.697801 -1.740919 6.000000
-2.442977 3.714398 -1.741575 6.000000
-2.418422 3.727197 -1.740867 6.000000
-2.395703 3.743088 -1.741524 6.000000
-2.371945 3.757231 -1.741498 6.000000
-2.347197 3.769586 -1.740791 6.000000
-2.324192 3.785115 -1.741448 7.000000
-2.295850 3.792653 -1.738694 6.000000
-2.274502 3.811184 -1.740716 6.000000
-2.249498 3.822950 -1.740010 7.000000
-2.224411 3.834593 -1.739303 6.000000
-2.200154 3.847739 -1.739280 7.000000
-2.175811 3.860758 -1.739256 6.000000
-2.149815 3.872325 -1.738549 7.000000
-2.121125 3.876658 -1.735115 6.000000
-2.098295 3.892583 -1.736456 6.000000
-2.076183 3.910072 -1.738479 6.000000
-2.048257 3.915588 -1.735728 6.000000
-2.024396 3.931489 -1.737069 6.000000
-1.997214 3.938382 -1.734999 6.000000
-1.969248 3.943391 -1.732248 6.000000
-1.946708 3.960207 -1.734273 6.000000
-1.920234 3.968315 -1.732886 6.000000
-1.895206 3.981788 -1.733546 6.000000
-1.870138 3.993037 -1.733524 6.000000
-1.842816 3.998942 -1.731457 6.000000
-1.819074 4.013383 -1.732799 6.000000
-1.794542 4.025934 -1.733460 6.000000
-1.767763 4.035163 -1.732757 6.000000
-1.740235 4.042500 -1.731372 6.000000
-1.717642 4.057817 -1.733398 7.000000
-1.688695 4.061317 -1.730648 6.000000
-1.664507 4.074898 -1.731992 7.000000
-1.636316 4.077772 -1.729244 6.000000
-1.611983 4.091084 -1.730588 6.000000
-1.588831 4.107787 -1.733296 7.000000
-1.561830 4.113720 -1.731913 6.000000
-1.534648 4.121534 -1.731211 6.000000
-1.507000 4.125376 -1.729145 6.000000
-1.481134 4.134400 -1.729126 6.000000
-1.456387 4.146840 -1.730471 6.000000
-1.429272 4.151981 -1.729088 6.000000
-1.401929 4.159000 -1.728388 6.000000
-1.376435 4.169209 -1.729051 6.000000
-1.350325 4.177485 -1.729033 6.000000
-1.324181 4.185600 -1.729015 6.000000
-1.297720 4.195592 -1.729679 7.000000
-1.270464 4.199786 -1.728297 7.000000
-1.241731 4.198370 -1.724869 6.000000
-1.215170 4.207881 -1.725533 6.000000
-1.190598 4.218661 -1.726880 6.000000
-1.162064 4.220574 -1.724817 6.000000
-1.135686 4.227610 -1.724800 6.000000
-1.109277 4.234487 -1.724783 6.000000
-1.081586 4.239592 -1.724084 6.000000
-1.054271 4.242494 -1.722704 6.000000
-1.027802 4.248886 -1.722688 6.000000
-1.001673 4.256986 -1.723354 6.000000
-0.975484 4.264944 -1.724020 6.000000
-0.947328 4.267367 -1.722640 7.000000
-0.922169 4.280541 -1.725352 7.000000
-0.895115 4.284349 -1.724655 7.000000
-0.867036 4.282434 -1.721912 6.000000
-0.839189 4.286067 -1.721214 6.000000
-0.813449 4.296788 -1.723246 6.000000
-0.785914 4.292407 -1.719821 6.000000
-0.758651 4.299275 -1.720488 6.000000
-0.733037 4.311410 -1.723202 7.000000
-0.705954 4.319788 -1.724552 6.000000
-0.678236 4.318621 -1.722491 6.000000
-0.651350 4.322863 -1.722477 6.000000
-0.624440 4.326952 -1.722463 6.000000
-0.597051 4.327141 -1.721086 6.000000
-0.569308 4.331017 -1.721072 6.000000
-0.543228 4.342101 -1.723787 6.000000
-0.515199 4.336217 -1.720364 6.000000
-0.489229 4.341321 -1.721033 6.000000
-0.463886 4.344295 -1.721021 6.000000
-0.432895 4.340141 -1.718279 7.000000
-0.000429 -0.345428 -0.011052 56.000000
-0.376344 4.313786 -1.706659 34.000000
-0.350228 4.325658 -1.710057 44.000000
-0.324246 4.341139 -1.714820 54.000000
-0.297883 4.365900 -1.722993 11.000000
-0.270442 4.362320 -1.720935 11.000000
-0.243341 4.364222 -1.720923 12.000000
-0.215413 4.366001 -1.720912 14.000000
-0.188239 4.365688 -1.720218 12.000000
-0.161129 4.367113 -1.720207 11.000000
-0.134090 4.370239 -1.720879 13.000000
-0.106828 4.365726 -1.718822 12.000000
-0.078937 4.368576 -1.719493 14.000000
-0.051794 4.365597 -1.718118 11.000000
-0.024681 4.362476 -1.716744 13.000000
0.003197 4.362941 -1.716734 13.000000
0.029438 4.359520 -1.715359 13.000000
0.057346 4.363432 -1.716714 13.000000
0.084440 4.365312 -1.717386 12.000000
0.111413 4.361391 -1.716012 14.000000
0.139354 4.362958 -1.716685 12.000000
0.166402 4.362484 -1.716676 14.000000
0.192705 4.363770 -1.717349 12.000000
0.220226 4.355456 -1.714611 12.000000
0.247224 4.354519 -1.714602 14.000000
0.275039 4.353385 -1.714594 14.000000
0.302500 4.359633 -1.717314 13.000000
0.329139 4.352617 -1.715259 12.000000
0.357361 4.356620 -1.717297 14.000000
0.384046 4.351148 -1.715924 13.000000
0.410672 4.345521 -1.714552 12.000000
0.437421 4.341619 -1.713863 13.000000
0.464500 4.341299 -1.714537 13.000000
0.491206 4.337098 -1.713847 13.000000
0.518488 4.338340 -1.715204 13.000000
0.546164 4.335594 -1.715197 11.000000
0.572789 4.330918 -1.714508 11.000000
0.600435 4.327860 -1.714501 12.000000
0.626986 4.322874 -1.713812 11.000000
0.653505 4.317747 -1.713123 12.000000
0.680773 4.318023 -1.714481 11.000000
0.706384 4.307011 -1.711746 13.000000
0.733856 4.303143 -1.711740 12.000000
0.761434 4.304834 -1.713779 12.000000
0.787759 4.298918 -1.713091 12.000000
0.813734 4.291027 -1.711721 12.000000
0.840302 4.286676 -1.711715 12.000000
0.867190 4.284029 -1.712392 13.000000
0.894152 4.277365 -1.711704 12.000000
0.921441 4.272397 -1.711699 11.000000
0.947896 4.267432 -1.711694 12.000000
0.972324 4.256946 -1.709642 12.000000
0.999480 4.251511 -1.709637 13.000000
1.027042 4.251600 -1.711679 12.000000
1.053734 4.244005 -1.710992 12.000000
1.080453 4.240118 -1.711669 12.000000
1.108015 4.239696 -1.713712 11.000000
1.132912 4.228199 -1.711661 12.000000
1.160941 4.229295 -1.714385 12.000000
1.187426 4.220922 -1.713699 12.000000
1.213066 4.212605 -1.713013 12.000000
1.239628 4.207762 -1.713692 13.000000
1.266195 4.202787 -1.714370 12.000000
1.292202 4.195830 -1.714366 13.000000
1.318427 4.186689 -1.713681 13.000000
1.345963 4.184844 -1.715724 14.000000
1.371866 4.177434 -1.715721 13.000000
1.399396 4.175255 -1.717764 14.000000
1.425231 4.167529 -1.717761 13.000000
1.451813 4.159416 -1.717759 12.000000
1.478909 4.152904 -1.718439 14.000000
1.504451 4.146797 -1.719118 14.000000
1.528447 4.131094 -1.716386 14.000000
1.554004 4.122617 -1.716384 12.000000
1.579522 4.114007 -1.716382 12.000000
1.606272 4.108782 -1.717744 13.000000
1.630422 4.096365 -1.716377 13.000000
1.659192 4.094057 -1.719105 12.000000
1.682518 4.079575 -1.717056 13.000000
1.707781 4.070232 -1.717054 12.000000
1.735825 4.065679 -1.719100 13.000000
1.760227 4.056323 -1.719098 11.000000
1.784627 4.044784 -1.718415 13.000000
1.812599 4.039746 -1.720461 12.000000
1.836891 4.027929 -1.719777 11.000000
1.866299 4.025993 -1.723188 12.000000
1.888960 4.010411 -1.721140 10.000000
1.913039 3.998163 -1.720457 13.000000
1.939361 3.990927 -1.721821 12.000000
1.963254 3.976332 -1.720456 11.000000
1.987876 3.965358 -1.720456 12.000000
2.014862 3.959363 -1.722502 11.000000
2.038575 3.946404 -1.721819 12.000000
2.064593 3.936342 -1.722502 12.000000
2.088883 3.922738 -1.721820 12.000000
2.111618 3.909753 -1.721137 13.000000
2.137547 3.901281 -1.722502 14.000000
2.160865 3.887643 -1.721820 13.000000
2.184972 3.875551 -1.721820 13.000000
2.207971 3.859612 -1.720456 13.000000
2.237072 3.855121 -1.723869 13.000000
2.262060 3.846287 -1.725234 14.000000
2.287531 3.834840 -1.725917 14.000000
2.308561 3.817099 -1.723871 13.000000
2.335026 3.809056 -1.725919 12.000000
2.359368 3.795542 -1.725920 14.000000
2.381714 3.778621 -1.724557 13.000000
2.406368 3.768919 -1.725923 13.000000
2.430725 3.757023 -1.726606 14.000000
2.455016 3.744978 -1.727290 13.000000
2.478956 3.730748 -1.727292 14.000000
2.507098 3.724807 -1.730706 14.000000
2.527215 3.705952 -1.728660 14.000000
2.550219 3.691738 -1.728662 15.000000
2.575888 3.680112 -1.730029 12.000000
2.599768 3.667190 -1.730713 13.000000
2.627741 3.660390 -1.734128 14.000000
2.647340 3.640933 -1.732082 14.000000
2.673131 3.630692 -1.734132 14.000000
2.693175 3.610546 -1.732087 12.000000
2.717772 3.598471 -1.733454 13.000000
2.742313 3.586240 -1.734822 13.000000
2.768549 3.574885 -1.736873 14.000000
2.791891 3.560825 -1.737558 14.000000
2.812922 3.543578 -1.736878 13.000000
2.834973 3.527737 -1.736880 13.000000
2.860291 3.516254 -1.738931 14.000000
2.881695 3.498133 -1.738252 13.000000
2.904613 3.483378 -1.738938 13.000000
2.927453 3.468487 -1.739623 15.000000
2.949708 3.451469 -1.739627 14.000000
2.969376 3.433887 -1.738947 11.000000
2.992592 3.418076 -1.739634 10.000000
3.016279 3.404119 -1.741002 13.000000
3.035097 3.384201 -1.739640 14.000000
3.056194 3.367074 -1.739644 14.000000
3.078403 3.351263 -1.740330 14.000000
3.101167 3.334784 -1.741017 14.000000
3.125644 3.321521 -1.743069 14.000000
3.150088 3.308120 -1.745120 12.000000
3.167002 3.286122 -1.743076 13.000000
3.184996 3.265429 -1.741715 13.000000
3.206654 3.248834 -1.742402 13.000000
3.228838 3.231557 -1.743089 13.000000
3.249644 3.212754 -1.743093 14.000000
3.274877 3.199876 -1.745828 12.000000
3.291690 3.179225 -1.744467 12.000000
3.309562 3.157331 -1.743106 12.000000
3.335878 3.145372 -1.746524 12.000000
3.353508 3.123244 -1.745164 11.000000
3.370403 3.101619 -1.743803 9.000000
3.392515 3.085235 -1.745173 7.000000
3.413172 3.067358 -1.745860 8.000000
3.439154 3.054616 -1.749278 7.000000
3.452872 3.029965 -1.746552 8.000000
3.479271 3.016307 -1.749971 7.000000
3.494059 2.992758 -1.747928 7.000000
3.508711 2.969171 -1.745885 9.000000
3.533462 2.953781 -1.748621 9.000000
3.554804 2.936315 -1.749992 10.000000
3.574664 2.917467 -1.750680 10.000000
3.591591 2.895995 -1.750002 10.000000
3.607528 2.872576 -1.748642 9.000000
3.628430 2.854601 -1.750013 10.000000
3.652129 2.838958 -1.752750 10.000000
3.666219 2.814001 -1.750707 9.000000
3.687753 2.797511 -1.752761 10.000000
3.705916 2.776000 -1.752766 10.000000
3.726333 2.757390 -1.754138 10.000000
3.740807 2.733948 -1.752777 10.000000
3.763001 2.715623 -1.754832 10.000000
3.783105 2.696636 -1.756203 10.000000
3.797171 2.672909 -1.754843 11.000000
3.814062 2.651401 -1.754849 10.000000
3.833823 2.632066 -1.756221 10.000000
3.850992 2.609691 -1.756227 11.000000
3.869029 2.588997 -1.756916 11.000000
3.883916 2.565975 -1.756239 10.000000
3.900665 2.543284 -1.756245 10.000000
3.922917 2.525556 -1.758983 10.000000
3.938957 2.503342 -1.758989 10.000000
3.954849 2.481018 -1.758995 10.000000
3.973727 2.460753 -1.760367 10.000000
3.987822 2.437183 -1.759690 11.000000
4.005358 2.414932 -1.760380 10.000000
4.019155 2.391182 -1.759703 11.000000
4.039120 2.371493 -1.761758 10.000000
4.054261 2.348621 -1.761764 11.000000
4.072415 2.327657 -1.763137 10.000000
4.084542 2.301856 -1.761778 11.000000
4.106092 2.281957 -1.764516 11.000000
4.118651 2.258433 -1.763839 10.000000
4.133105 2.235080 -1.763846 11.000000
4.149033 2.212606 -1.764535 12.000000
4.171766 2.193146 -1.767957 14.000000
4.185833 2.169487 -1.767964 14.000000
4.199764 2.145748 -1.767970 14.000000
4.211937 2.121024 -1.767294 14.000000
4.228858 2.098960 -1.768667 15.000000
4.244444 2.075157 -1.769357 14.000000
4.257833 2.051095 -1.769363 14.000000
4.272729 2.027836 -1.770053 15.000000
4.287477 2.004465 -1.770743 14.000000
4.300837 1.979409 -1.770750 14.000000
4.317014 1.956748 -1.772123 14.000000
4.331378 1.933113 -1.772813 14.000000
4.347299 1.910233 -1.774186 14.000000
4.358385 1.883969 -1.773510 14.000000
4.375731 1.861718 -1.775566 14.000000
4.387851 1.836888 -1.775573 14.000000
4.400202 1.811237 -1.775581 14.000000
4.415097 1.788632 -1.776953 14.000000
4.427145 1.762808 -1.776961 14.000000
4.445551 1.740773 -1.779700 14.000000
4.451477 1.714053 -1.777657 13.000000
4.461346 1.687269 -1.776981 14.000000
4.479369 1.664926 -1.779721 13.000000
4.492414 1.639465 -1.780411 14.000000
4.506702 1.615407 -1.781785 14.000000
4.512178 1.587718 -1.779742 13.000000
4.526507 1.562725 -1.781116 13.000000
4.540364 1.538404 -1.782490 12.000000
4.554116 1.514015 -1.783863 14.000000
4.565956 1.488834 -1.784553 14.000000
4.579724 1.463450 -1.785928 14.000000
4.587746 1.436803 -1.785251 14.000000
4.598876 1.412226 -1.785941 13.000000
4.612180 1.386570 -1.787315 14.000000
4.619765 1.359794 -1.786638 13.000000
4.634553 1.334581 -1.788696 14.000000
4.645387 1.308888 -1.789386 13.000000
4.654273 1.282521 -1.789393 14.000000
4.666837 1.256435 -1.790768 13.000000
4.677228 1.230533 -1.791458 14.000000
4.687450 1.204541 -1.792148 13.000000
4.692125 1.176837 -1.790789 12.000000
4.709242 1.152876 -1.794213 14.000000
4.713626 1.125115 -1.792853 13.000000
4.729124 1.098755 -1.795595 14.000000
4.734737 1.072238 -1.794917 13.000000
4.744071 1.045875 -1.795607 12.000000
4.751405 1.018932 -1.795615 13.000000
4.769529 0.994815 -1.799722 14.000000
4.778387 0.968190 -1.800413 14.000000
4.781842 0.939331 -1.799053 13.000000
4.792222 0.913071 -1.800427 13.000000
4.796966 0.885440 -1.799750 13.000000
4.810709 0.859895 -1.802491 12.000000
4.815121 0.832163 -1.801815 14.000000
4.828748 0.805580 -1.804556 12.000000
4.831192 0.776554 -1.803197 13.000000
4.846000 0.751860 -1.806620 13.000000
4.851804 0.723510 -1.806628 13.000000
4.859104 0.696316 -1.807318 12.000000
4.869960 0.669776 -1.809375 14.000000
4.871409 0.641463 -1.808015 13.000000
4.880079 0.614440 -1.809389 13.000000
4.892470 0.587144 -1.812131 14.000000
4.895272 0.559061 -1.811454 13.000000
4.905339 0.532140 -1.813512 14.000000
4.913401 0.504856 -1.814885 14.000000
4.921311 0.477508 -1.816259 14.000000
4.927189 0.449822 -1.816950 15.000000
4.933024 0.421243 -1.817640 14.000000
4.932986 0.392760 -1.816280 15.000000
4.934659 0.364541 -1.815603 15.000000
4.945495 0.337395 -1.818344 16.000000
4.945045 0.308035 -1.816984 16.000000
4.953685 0.280543 -1.819041 15.000000
4.954694 0.252247 -1.818364 16.000000
4.961133 0.224455 -1.819738 15.000000
4.973035 0.197096 -1.823163 15.000000
4.969809 0.168422 -1.821118 16.000000
4.975840 0.139623 -1.822492 16.000000
4.977935 0.110495 -1.822500 16.000000
4.981632 0.083230 -1.823189 16.000000
4.983365 0.054967 -1.823195 16.000000
4.986824 0.025889 -1.823886 15.000000
4.990095 -0.002324 -1.824576 15.000000
4.991318 -0.030646 -1.824582 16.000000
4.992400 -0.059851 -1.824589 16.000000
5.002651 -0.087053 -1.828013 16.000000
5.001512 -0.116367 -1.827336 15.000000
4.998298 -0.144826 -1.825975 16.000000
5.000567 -0.173172 -1.826665 16.000000
5.004553 -0.202408 -1.828040 15.000000
5.006476 -0.231695 -1.828730 17.000000
5.006362 -0.259226 -1.828736 16.000000
5.009827 -0.287699 -1.830110 16.000000
5.007493 -0.316107 -1.829433 16.000000
5.006865 -0.345394 -1.829440 16.000000
5.013593 -0.374035 -1.832181 17.000000
5.010759 -0.402425 -1.831503 16.000000
5.015274 -0.431097 -1.833561 18.000000
5.019571 -0.460708 -1.835619 17.000000
5.018116 -0.489191 -1.835625 15.000000
5.018363 -0.517784 -1.836315 15.000000
5.022188 -0.546637 -1.838372 16.000000
5.016474 -0.574877 -1.837011 16.000000
5.021783 -0.604778 -1.839752 14.000000
5.028855 -0.634038 -1.843177 15.000000
5.028233 -0.662764 -1.843867 15.000000
5.023735 -0.691109 -1.843189 17.000000
5.015309 -0.719067 -1.841143 16.000000
5.017864 -0.748984 -1.843200 16.000000
5.016586 -0.777667 -1.843890 16.000000
5.017000 -0.806579 -1.845263 15.000000
5.020987 -0.835959 -1.848004 17.000000
5.017322 -0.864463 -1.848010 15.000000
5.018970 -0.894562 -1.850067 17.000000
5.007418 -0.922855 -1.847338 16.000000
5.012677 -0.951756 -1.850762 18.000000
5.006493 -0.979909 -1.850083 16.000000
5.003865 -1.008599 -1.850772 16.000000
5.000914 -1.038167 -1.851461 16.000000
4.997933 -1.066855 -1.852150 16.000000
4.998466 -1.096209 -1.854207 15.000000
5.000708 -1.125893 -1.856948 17.000000
4.997200 -1.154621 -1.857637 17.000000
4.989679 -1.183474 -1.856958 17.000000
4.980303 -1.211046 -1.855595 16.000000
4.979990 -1.240429 -1.857651 17.000000
4.975624 -1.269940 -1.858340 16.000000
4.975123 -1.298501 -1.860396 16.000000
4.968586 -1.327575 -1.860401 16.000000
4.971213 -1.357875 -1.863826 17.000000
4.959026 -1.384770 -1.861778 16.000000
4.955823 -1.413781 -1.863150 17.000000
4.954255 -1.443262 -1.865207 17.000000
4.943198 -1.471285 -1.863843 16.000000
4.944930 -1.501694 -1.867267 17.000000
4.937382 -1.529741 -1.867271 17.000000
4.933316 -1.558721 -1.868643 17.000000
4.921574 -1.586546 -1.867280 16.000000
4.922818 -1.616181 -1.870703 17.000000
4.912557 -1.644412 -1.870023 16.000000
4.898778 -1.670652 -1.867974 16.000000
4.906431 -1.703361 -1.874135 17.000000
4.892066 -1.730351 -1.872087 16.000000
4.883191 -1.758085 -1.872090 16.000000
4.881300 -1.788090 -1.874830 16.000000
4.873864 -1.816360 -1.875517 15.000000
4.869832 -1.845786 -1.877573 17.000000
4.856431 -1.873018 -1.876208 16.000000
4.859156 -1.904877 -1.881000 17.000000
4.840395 -1.929276 -1.877583 16.000000
4.839513 -1.959057 -1.881006 15.000000
4.835715 -1.990784 -1.883746 17.000000
4.825319 -2.018188 -1.883749 17.000000
4.809504 -2.043510 -1.881699 16.000000
4.807559 -2.074173 -1.885122 16.000000
4.801902 -2.103509 -1.887178 16.000000
4.799242 -2.135052 -1.890602 17.000000
4.784519 -2.160827 -1.889236 17.000000
4.778328 -2.190110 -1.891291 17.000000
4.771955 -2.219387 -1.893346 17.000000
4.758509 -2.245668 -1.892664 16.000000
4.742817 -2.271948 -1.891298 16.000000
4.735558 -2.301938 -1.893353 16.000000
4.727153 -2.329464 -1.894723 16.000000
4.721615 -2.359370 -1.897462 17.000000
4.712467 -2.387706 -1.898832 17.000000
4.694660 -2.411983 -1.896781 16.000000
4.691973 -2.443444 -1.900888 17.000000
4.676848 -2.470007 -1.900206 16.000000
4.661968 -2.495658 -1.899523 18.000000
4.660377 -2.527958 -1.904315 17.000000
4.641812 -2.551797 -1.902264 17.000000
4.631079 -2.580592 -1.903634 15.000000
4.615556 -2.605958 -1.902951 16.000000
4.604894 -2.633842 -1.904321 16.000000
4.590747 -2.659896 -1.904321 16.000000
4.581397 -2.688575 -1.906375 15.000000
4.565269 -2.713608 -1.905691 16.000000
4.555142 -2.742979 -1.907745 17.000000
4.540358 -2.768752 -1.907746 15.000000
4.525411 -2.794452 -1.907746 16.000000
4.516353 -2.824637 -1.910485 17.000000
4.497857 -2.848273 -1.909116 15.000000
4.484057 -2.874693 -1.909801 17.000000
4.474928 -2.903957 -1.912538 15.000000
4.454402 -2.926313 -1.910485 16.000000
4.437421 -2.949749 -1.909800 15.000000
4.425234 -2.979372 -1.911853 16.000000
4.410648 -3.005410 -1.912537 15.000000
4.402211 -3.035462 -1.915959 14.000000
4.382555 -3.058310 -1.914590 15.000000
4.365943 -3.083070 -1.914589 16.000000
4.348644 -3.108526 -1.914589 15.000000
4.336379 -3.136284 -1.916641 15.000000
4.320840 -3.161863 -1.917325 18.000000
4.302083 -3.185190 -1.916639 14.000000
4.287765 -3.211688 -1.918007 16.000000
4.271237 -3.237752 -1.918691 16.000000
4.251499 -3.261528 -1.918006 16.000000
4.234228 -3.284796 -1.918003 16.000000
4.226834 -3.316560 -1.922793 17.000000
4.205140 -3.338914 -1.921422 17.000000
4.188367 -3.363803 -1.922105 16.000000
4.175910 -3.392043 -1.924841 17.000000
4.149928 -3.409840 -1.921417 16.000000
4.135669 -3.436765 -1.923468 17.000000
4.119200 -3.463170 -1.924835 17.000000
4.097277 -3.484068 -1.923464 16.000000
4.082522 -3.510766 -1.925515 16.000000
4.066149 -3.536200 -1.926882 17.000000
4.042393 -3.555540 -1.924826 16.000000
4.026567 -3.582686 -1.926877 16.000000
4.011149 -3.609079 -1.928927 17.000000
3.991299 -3.631711 -1.928924 17.000000
3.974155 -3.656694 -1.930290 17.000000
3.951224 -3.676609 -1.928918 16.000000
3.929582 -3.697638 -1.928230 16.000000
3.918955 -3.728640 -1.933019 17.000000
3.901940 -3.755226 -1.935069 17.000000
3.879855 -3.775951 -1.934381 18.000000
3.860393 -3.799117 -1.935062 17.000000
3.836725 -3.818273 -1.933689 16.000000
3.821768 -3.847090 -1.937109 17.000000
3.801879 -3.869925 -1.937789 17.000000
3.777827 -3.888708 -1.936416 16.000000
3.762997 -3.916625 -1.939835 15.000000
3.740026 -3.936488 -1.939146 16.000000
3.716950 -3.956207 -1.938457 16.000000
3.695733 -3.979113 -1.939137 16.000000
3.673712 -3.999929 -1.939133 16.000000
3.655452 -4.024706 -1.941182 16.000000
3.634466 -4.046645 -1.941862 16.000000
3.614598 -4.069870 -1.943226 16.000000
3.593925 -4.093591 -1.944590 15.000000
3.571808 -4.115834 -1.945270 16.000000
3.545925 -4.131101 -1.943211 16.000000
3.526765 -4.155258 -1.945259 16.000000
3.503013 -4.175710 -1.945254 16.000000
3.483026 -4.197627 -1.946618 16.000000
3.462672 -4.222113 -1.948669 18.000000
3.438028 -4.240135 -1.947981 17.000000
3.415698 -4.260892 -1.948662 16.000000
3.392043 -4.280076 -1.948659 16.000000
3.369457 -4.300584 -1.949340 16.000000
3.353063 -4.330360 -1.954129 17.000000
3.326674 -4.346228 -1.952755 17.000000
3.302082 -4.362854 -1.952067 16.000000
3.280546 -4.386401 -1.954116 17.000000
3.256536 -4.406887 -1.954797 16.000000
3.227481 -4.419166 -1.952055 16.000000
3.207410 -4.443274 -1.954788 16.000000
3.179321 -4.456735 -1.952730 16.000000
3.157845 -4.479106 -1.954779 16.000000
3.134339 -4.500409 -1.956144 16.000000
3.108182 -4.516447 -1.955455 15.000000
3.084877 -4.534851 -1.956134 16.000000
3.059922 -4.554203 -1.956814 16.000000
3.037722 -4.575997 -1.958863 16.000000
3.015389 -4.597661 -1.960911 17.000000
2.983737 -4.607255 -1.957483 16.000000
2.964281 -4.633341 -1.961584 17.000000
2.941505 -4.654660 -1.963633 17.000000
2.914531 -4.669519 -1.962942 17.000000
2.888477 -4.685814 -1.962936 17.000000
2.861323 -4.700371 -1.962246 16.000000
2.837054 -4.719568 -1.963609 18.000000
2.810898 -4.737497 -1.964288 17.000000
2.782486 -4.749991 -1.962912 16.000000
2.760928 -4.775691 -1.967014 17.000000
2.734260 -4.791090 -1.967007 17.000000
2.706547 -4.804720 -1.966316 17.000000
2.675955 -4.813288 -1.963570 16.000000
2.651826 -4.833119 -1.965617 16.000000
2.628475 -4.854461 -1.968349 18.000000
2.599512 -4.865822 -1.966972 16.000000
2.572318 -4.880284 -1.966965 15.000000
2.545954 -4.898379 -1.968327 14.000000
2.515920 -4.907563 -1.966266 14.000000
2.487638 -4.921987 -1.966258 15.000000
2.460100 -4.935815 -1.966250 14.000000
2.434174 -4.952846 -1.967612 14.000000
2.406452 -4.966369 -1.967604 14.000000
2.378632 -4.979752 -1.967596 14.000000
2.349946 -4.991242 -1.966902 15.000000
2.325196 -5.013167 -1.970317 14.000000
2.296362 -5.022269 -1.968940 14.000000
2.268961 -5.038802 -1.970300 14.000000
2.239944 -5.049671 -1.969607 14.000000
2.210878 -5.060365 -1.968914 15.000000
2.183938 -5.078142 -1.970959 15.000000
2.153973 -5.086781 -1.969581 14.000000
2.128422 -5.105598 -1.972310 14.000000
2.098353 -5.113882 -1.970932 14.000000
2.070399 -5.127207 -1.971607 14.000000
2.040215 -5.135165 -1.970228 13.000000
2.011940 -5.150250 -1.971588 14.000000
1.985321 -5.164478 -1.972947 14.000000
1.955470 -5.175756 -1.972937 14.000000
1.925088 -5.183011 -1.971558 13.000000
1.897983 -5.198882 -1.973602 13.000000
1.868801 -5.209321 -1.973592 13.000000
1.839319 -5.221670 -1.974267 14.000000
1.810645 -5.233527 -1.974941 14.000000
1.780024 -5.239910 -1.973561 11.000000
1.749977 -5.247903 -1.972866 13.000000
1.721125 -5.259246 -1.973539 13.000000
1.692173 -5.270449 -1.974213 14.000000
1.661087 -5.278198 -1.973518 13.000000
1.632003 -5.289060 -1.974191 12.000000
1.603414 -5.301540 -1.975549 13.000000
1.573623 -5.310279 -1.975538 12.000000
1.543944 -5.322721 -1.976897 11.000000
1.512987 -5.327499 -1.975515 11.000000
1.484077 -5.339326 -1.976873 10.000000
1.454571 -5.349182 -1.977546 11.000000
1.423512 -5.353434 -1.976165 10.000000
1.393467 -5.365008 -1.977523 10.000000
1.362825 -5.370718 -1.976826 9.000000
1.334473 -5.381470 -1.978183 8.000000
1.303748 -5.390693 -1.978855 8.000000
1.272973 -5.395890 -1.978158 7.000000
1.242622 -5.402721 -1.978146 7.000000
1.214340 -5.418526 -1.981557 7.000000
1.181702 -5.419723 -1.979490 7.000000
1.150821 -5.424178 -1.978792 7.000000
1.121448 -5.435838 -1.980834 7.000000
1.089729 -5.436268 -1.978766 7.000000
1.060769 -5.455134 -1.983547 7.000000
1.029360 -5.457045 -1.982164 6.000000
0.999674 -5.468017 -1.984205 7.000000
0.968825 -5.467548 -1.982137 6.000000
0.936791 -5.470924 -1.981438 6.000000
0.905349 -5.472122 -1.980055 6.000000
0.874201 -5.480704 -1.981412 6.000000
0.843352 -5.485220 -1.981398 6.000000
0.812173 -5.487725 -1.980699 6.000000
0.781147 -5.497606 -1.982739 5.000000
0.749908 -5.499754 -1.982041 6.000000
0.718191 -5.497971 -1.979972 5.000000
0.687934 -5.507196 -1.982012 5.000000
0.657138 -5.512516 -1.982682 4.000000
0.103894 -1.019168 -0.333227 4.000000
-0.000368 -0.120919 -0.003873 67.000000
0.090471 -0.991444 -0.322929 15.000000
0.083419 -0.970974 -0.315384 18.000000
0.076970 -0.954173 -0.309208 19.000000
0.070704 -0.937337 -0.303032 21.000000
0.064154 -0.914856 -0.294802 30.000000
0.058041 -0.896053 -0.287941 48.000000
0.053682 -0.897845 -0.288613 66.000000
0.048944 -0.893985 -0.287230 66.000000
0.044594 -0.895701 -0.287901 66.000000
0.039998 -0.893669 -0.287203 66.000000
0.035312 -0.891591 -0.286504 68.000000
0.030780 -0.893257 -0.287176 66.000000
0.026380 -0.891119 -0.286477 70.000000
0.021905 -0.890852 -0.286463 70.000000
0.017490 -0.892419 -0.287134 66.000000
0.012800 -0.888350 -0.285751 68.000000
0.008395 -0.891744 -0.287107 64.000000
0.003911 -0.889481 -0.286408 70.000000
-0.000566 -0.889084 -0.286395 70.000000
-0.005017 -0.886768 -0.285696 70.000000
-0.009653 -0.890066 -0.287052 66.000000
-0.014073 -0.885833 -0.285669 70.000000
-0.018363 -0.883461 -0.284971 68.000000
-0.023072 -0.892311 -0.288380 68.000000
-0.027449 -0.884230 -0.285627 70.000000
-0.032049 -0.887392 -0.286983 66.000000
-0.036664 -0.886776 -0.286969 66.000000
-0.041048 -0.884269 -0.286271 70.000000
-0.045613 -0.885477 -0.286941 66.000000
-0.050439 -0.890407 -0.288981 52.000000
-0.056120 -0.906561 -0.295129 33.000000
-0.062279 -0.924537 -0.301962 26.000000
-0.068062 -0.936871 -0.306741 24.000000
-0.074147 -0.951027 -0.312205 21.000000
-0.080914 -0.970739 -0.319722 19.000000
-0.087932 -0.990420 -0.327239 15.000000
-0.094753 -1.004413 -0.332702 5.000000
-0.107592 -1.072546 -0.358020 1.000000
-0.632047 -5.517478 -1.988859 1.000000
-0.662528 -5.507741 -1.986787 3.000000
-0.693622 -5.495846 -1.984030 3.000000
-0.724158 -5.487617 -1.982643 5.000000
-0.755687 -5.486674 -1.983994 7.000000
-0.787232 -5.485544 -1.985345 4.000000
-0.817084 -5.473069 -1.982588 6.000000
-0.000311 -0.101736 -0.003261 79.000000
-0.000306 -0.101316 -0.003247 68.000000
-0.910692 -5.456748 -1.982532 54.000000
-0.942498 -5.456542 -1.984567 7.000000
-0.974675 -5.458007 -1.987287 6.000000
-1.005179 -5.450052 -1.986583 4.000000
-1.036545 -5.441728 -1.985880 5.000000
-1.069142 -5.444473 -1.989284 6.000000
-1.099542 -5.435981 -1.988581 5.000000
-1.129086 -5.423621 -1.986507 3.000000
-1.160557 -5.420306 -1.987858 5.000000
-1.191185 -5.413111 -1.987838 3.000000
-1.223042 -5.411238 -1.989873 7.000000
-1.253270 -5.397999 -1.987800 5.000000
-1.284710 -5.390057 -1.987781 6.000000
-1.313794 -5.380545 -1.987076 6.000000
-1.344689 -5.374312 -1.987741 6.000000
-1.374123 -5.362428 -1.986352 6.000000
-1.406317 -5.357388 -1.987702 6.000000
-1.436622 -5.348804 -1.987682 6.000000
-1.465346 -5.334601 -1.985609 6.000000
-1.495500 -5.325653 -1.985589 6.000000
-1.528251 -5.325565 -1.988992 6.000000
-1.558192 -5.312380 -1.987603 6.000000
-1.589324 -5.306499 -1.988952 7.000000
-1.621012 -5.302234 -1.990986 6.000000
-1.652807 -5.291817 -1.990965 6.000000
-1.678612 -5.275231 -1.988207 7.000000
-1.710526 -5.268332 -1.989556 7.000000
-1.742133 -5.263338 -1.991589 6.000000
-1.771292 -5.251029 -1.990884 6.000000
-1.800364 -5.238546 -1.990179 6.000000
-1.831888 -5.232994 -1.992213 7.000000
-1.861103 -5.218088 -1.990823 6.000000
-1.889955 -5.205096 -1.990118 6.000000
-1.917428 -5.188449 -1.988044 7.000000
-1.946782 -5.176914 -1.988024 6.000000
-1.978785 -5.172203 -1.990741 7.000000
-2.007347 -5.158556 -1.990036 7.000000
-2.038121 -5.147884 -1.990699 6.000000
-2.067962 -5.137395 -1.991363 7.000000
-2.095566 -5.121501 -1.989973 6.000000
-2.126015 -5.112409 -1.991321 7.000000
-2.156413 -5.103111 -1.992669 6.000000
-2.186168 -5.089823 -1.992649 6.000000
-2.212688 -5.071590 -1.990574 6.000000
-2.242152 -5.060062 -1.991238 6.000000
-2.271569 -5.048368 -1.991901 6.000000
-2.301774 -5.036077 -1.992565 6.000000
-2.327873 -5.017233 -1.990490 6.000000
-2.356213 -5.005437 -1.991153 6.000000
-2.385400 -4.990955 -1.991132 6.000000
-2.411971 -4.973341 -1.989741 6.000000
-2.440128 -4.956852 -1.989036 6.000000
-2.470734 -4.947339 -1.991068 6.000000
-2.498728 -4.932612 -1.991047 6.000000
-2.525770 -4.916060 -1.990341 6.000000
-2.555359 -4.904354 -1.991689 7.000000
-2.585715 -4.891987 -1.993036 6.000000
-2.609806 -4.870000 -1.990277 7.000000
-2.638273 -4.856121 -1.990940 6.000000
-2.667605 -4.843729 -1.992288 6.000000
-2.695014 -4.827869 -1.992266 7.000000
-2.717648 -4.803693 -1.988821 6.000000
-2.746739 -4.790812 -1.990169 6.000000
-2.774673 -4.774016 -1.990147 6.000000
-2.799757 -4.754313 -1.988757 6.000000
-2.825702 -4.736102 -1.988051 6.000000
-2.853483 -4.720932 -1.988714 6.000000
-2.881201 -4.705610 -1.989376 7.000000
-2.910640 -4.691196 -1.990723 6.000000
-2.937199 -4.673949 -1.990702 7.000000
-2.962629 -4.654962 -1.989995 7.000000
-2.987942 -4.635833 -1.989289 8.000000
-3.015220 -4.619703 -1.989951 7.000000
-3.039015 -4.596627 -1.987876 7.000000
-3.063971 -4.577078 -1.987169 7.000000
-3.090959 -4.560507 -1.987832 7.000000
-3.113544 -4.537587 -1.985757 7.000000
-3.138136 -4.517626 -1.985050 9.000000
-3.165583 -4.500054 -1.985713 7.000000
-3.192159 -4.482863 -1.986375 8.000000
-3.211218 -4.456970 -1.982931 8.000000
-3.237207 -4.437425 -1.982909 7.000000
-3.256689 -4.410779 -1.979464 9.000000
-3.285061 -4.396029 -1.981496 7.000000
-3.309942 -4.376625 -1.981473 7.000000
-3.334312 -4.355005 -1.980766 7.000000
-3.355468 -4.330878 -1.978691 8.000000
-3.377642 -4.308131 -1.977300 7.000000
-3.402023 -4.288191 -1.977278 7.000000
-3.424659 -4.264611 -1.975887 7.000000
-3.452378 -4.248749 -1.977918 7.000000
-3.470409 -4.221174 -1.974474 6.000000
-3.495510 -4.202138 -1.975136 6.000000
-3.518796 -4.179487 -1.974429 7.000000
-3.541229 -4.157326 -1.973723 6.000000
-3.567750 -4.141309 -1.975754 7.000000
-3.589942 -4.118872 -1.975047 6.000000
-3.608950 -4.091482 -1.972287 6.000000
-3.635336 -4.072374 -1.973633 6.000000
-3.663455 -4.056493 -1.976349 7.000000
-3.679334 -4.028670 -1.972905 6.000000
-3.704115 -4.007730 -1.973567 7.000000
-3.725496 -3.984549 -1.972860 7.000000
-3.745453 -3.959913 -1.971469 7.000000
-3.773099 -3.943257 -1.974185 7.000000
-3.792765 -3.918351 -1.972793 7.000000
-3.815624 -3.895379 -1.972771 7.000000
-3.838990 -3.874241 -1.973433 7.000000
-3.859578 -3.850341 -1.972726 7.000000
-3.884075 -3.830261 -1.974073 10.000000
-3.896266 -3.798303 -1.969260 9.000000
-3.921121 -3.777278 -1.970606 11.000000
-0.000174 -0.054198 -0.001739 100.000000
-3.954103 -3.722102 -1.965772 28.000000
-3.977933 -3.701394 -1.967118 27.000000
-3.996091 -3.675485 -1.965727 28.000000
-4.016892 -3.652003 -1.965705 28.000000
-4.037557 -3.628397 -1.965683 22.000000
-4.055873 -3.601483 -1.964292 14.000000
-4.081939 -3.582574 -1.967007 11.000000
-4.097918 -3.554924 -1.964932 8.000000
-4.119470 -3.532060 -1.965594 7.000000
-4.141500 -3.508347 -1.966256 7.000000
-4.159899 -3.482829 -1.965550 8.000000
-4.173782 -3.453655 -1.962790 9.000000
-4.194793 -3.430337 -1.963453 11.000000
-4.209789 -3.402197 -1.961378 21.000000
-4.231981 -3.379802 -1.962725 29.000000
-4.241288 -3.346138 -1.957912 28.000000
-4.258729 -3.320103 -1.957206 31.000000
-4.276010 -3.293970 -1.956500 29.000000
-4.290129 -3.265490 -1.954425 30.000000
-4.305583 -3.238082 -1.953035 30.000000
-4.322932 -3.210945 -1.952328 20.000000
-4.338056 -3.183390 -1.950938 12.000000
-4.359101 -3.160111 -1.952284 6.000000
-4.384662 -3.139977 -1.955684 6.000000
-4.397781 -3.111022 -1.953609 7.000000
-0.000148 -0.043369 -0.001392 94.000000
-4.422478 -3.051175 -1.948776 21.000000
-4.435058 -3.022106 -1.946702 27.000000
-4.452126 -2.996082 -1.946680 27.000000
-4.462787 -2.965870 -1.943922 28.000000
-4.474824 -2.936648 -1.941847 28.000000
-4.486660 -2.907366 -1.939773 28.000000
-4.499927 -2.879063 -1.938382 29.000000
-4.511904 -2.848919 -1.936308 29.000000
-4.523202 -2.819522 -1.934234 30.000000
-4.539143 -2.793018 -1.934213 29.000000
-4.553308 -2.765445 -1.933507 28.000000
-4.560848 -2.733984 -1.930065 29.000000
-4.576774 -2.706472 -1.930043 30.000000
-4.588793 -2.677766 -1.928653 29.000000
-4.599037 -2.648116 -1.926580 30.000000
-4.617277 -2.623010 -1.927927 30.000000
-4.628804 -2.594143 -1.926538 30.000000
-4.636844 -2.563416 -1.923779 30.000000
-4.658380 -2.538993 -1.926495 28.000000
-4.666091 -2.508202 -1.923737 28.000000
-4.675268 -2.478271 -1.921664 28.000000
-4.689264 -2.450893 -1.921643 29.000000
-4.698494 -2.420058 -1.919569 29.000000
-4.712152 -2.392540 -1.919548 28.000000
-4.718910 -2.361613 -1.916790 28.000000
-4.727188 -2.331534 -1.914717 28.000000
-4.735253 -2.301408 -1.912644 28.000000
-4.741446 -2.270477 -1.909886 28.000000
-4.754658 -2.241902 -1.909866 28.000000
-4.770347 -2.216468 -1.911214 28.000000
-4.774666 -2.183839 -1.907772 28.000000
-4.783544 -2.154356 -1.906383 28.000000
-4.793975 -2.125605 -1.905678 29.000000
-4.807704 -2.098301 -1.906342 28.000000
-4.811245 -2.065663 -1.902901 29.000000
-4.824629 -2.038228 -1.903565 29.000000
-4.829176 -2.007153 -1.900808 29.000000
-4.840490 -1.978891 -1.900788 30.000000
-4.849891 -1.949865 -1.900083 30.000000
-4.859479 -1.919975 -1.899379 32.000000
-4.861511 -1.888167 -1.895938 40.000000
-4.871832 -1.860574 -1.895918 47.000000
-4.877351 -1.829263 -1.893845 49.000000
-4.892960 -1.802658 -1.895878 54.000000
-4.894571 -1.770025 -1.892437 56.000000
-4.897449 -1.738912 -1.889681 58.000000
-4.899831 -1.708667 -1.886925 63.000000
-4.904419 -1.677368 -1.884853 74.000000
-4.904930 -1.645720 -1.881413 78.000000
-4.910903 -1.615019 -1.880025 70.000000
-4.911032 -1.583445 -1.876585 82.000000
-4.914294 -1.553905 -1.874513 78.000000
-4.917907 -1.522659 -1.872441 78.000000
-4.919532 -1.490893 -1.869686 82.000000
-4.924048 -1.461908 -1.868297 82.000000
-4.928650 -1.432072 -1.866910 78.000000
-4.925848 -1.400213 -1.862786 82.000000
-4.939393 -1.372039 -1.864820 86.000000
-4.943480 -1.342194 -1.863433 86.000000
-4.934649 -1.309002 -1.857257 82.000000
-4.949286 -1.282010 -1.859974 86.000000
-4.952842 -1.252170 -1.858587 86.000000
-4.958039 -1.222763 -1.857884 86.000000
-4.952096 -1.190738 -1.853077 82.000000
-4.960802 -1.161338 -1.853742 86.000000
-4.965674 -1.131056 -1.853040 86.000000
-4.970001 -1.102496 -1.852337 86.000000
-4.972503 -1.072660 -1.850950 86.000000
-4.976845 -1.042339 -1.850248 86.000000
-4.975314 -1.011771 -1.847493 86.000000
-4.980964 -0.982676 -1.847475 86.000000
-4.984629 -0.953228 -1.846773 86.000000
-4.980711 -0.922399 -1.843334 70.000000
-0.000049 -0.012521 -0.000402 13.000000
-4.992855 -0.863587 -1.843982 3.000000
-4.992104 -0.833481 -1.841912 3.000000
-4.996770 -0.804322 -1.841894 3.000000
-4.997662 -0.773668 -1.840508 3.000000
-5.007427 -0.746149 -1.842542 4.000000
-0.000022 -0.009995 -0.000321 81.000000
-5.011964 -0.686222 -1.841139 10.000000
-5.010191 -0.656217 -1.839070 5.000000
-5.017553 -0.627387 -1.840420 5.000000
-0.000021 -0.008335 -0.000268 100.000000
-5.024347 -0.568729 -1.840385 14.000000
-5.027583 -0.538491 -1.840368 8.000000
-5.036178 -0.509685 -1.842403 7.000000
-5.031493 -0.479545 -1.839650 7.000000
-0.000015 -0.006255 -0.000201 100.000000
-5.034728 -0.420574 -1.838931 16.000000
-5.038920 -0.391308 -1.839598 12.000000
-5.039176 -0.361728 -1.838897 14.000000
-5.046840 -0.331783 -1.840933 7.000000
-5.044882 -0.302071 -1.839548 10.000000
-5.054030 -0.273009 -1.842268 7.000000
-5.057361 -0.243561 -1.842935 7.000000
-5.058659 -0.214017 -1.842919 7.000000
-5.063585 -0.183725 -1.844270 8.000000
-5.070177 -0.154312 -1.846306 13.000000
-5.069102 -0.124664 -1.845606 19.000000
-5.067826 -0.094999 -1.844905 25.000000
-5.060783 -0.065323 -1.842153 30.000000
-5.068575 -0.035793 -1.844873 32.000000
-5.068702 -0.006196 -1.844857 32.000000
